-1.3481,-0.026,-0.1951,-0.3163,-1.4606,-0.3691,0.0906,-0.3994,0.72530913
0.4031023671769967,-0.9397,0.9578,1.2212,-0.0215,-0.3463,-0.11895662947549968,0.7137,0.5216386
0.5555,-0.5347,-0.10351792147157537,-0.9196,-0.2158,-0.5852,0.4918,-1.245399258712992,0.8345577
-1.1404,0.30042458204220757,0.4463138305023223,-0.6845,0.07608014615610258,1.1868,0.9077,1.1841,0.6037107
1.3112,-1.376,0.2391,0.97,1.4223,1.2207,0.6444,0.95,0.60573435
1.1522,0.48266749773732126,1.3925,-0.5667,0.9323,-0.3109,0.5344,0.6835,0.596919
0.434575,-0.547875,1.06155,1.2143,-0.6178,0.499125,-0.3028,-0.7225,0.42692307
-1.148,-0.9823,-1.5492,0.7621,0.5555,0.1244,0.0144,1.461,1.0078369
-1.4171,-0.3091,-0.7499,1.2672,-0.0788,1.4993,0.5153,-0.6234,0.86232775
0.4077,0.4723,1.015,-0.6981,-0.35223696928024095,0.0009,0.4805,0.5106,0.5475158
0.4879,-1.4711,0.13245161387529686,0.103,0.6544,1.0623,-0.0687,-0.0208,0.8382586
-0.1265,-0.1007,0.3213,-0.14665,1.0604,-1.103275,-0.5661,-0.6402,0.8275102
-0.7822,0.5095,0.2991,-0.1457,-0.2364,0.3337,1.4261,1.3656,0.5216816
0.20937413174110153,-1.2901,0.2398,-0.8462,-0.2764,1.104,0.7323,0.2374,0.5894144
-0.7141676982705254,1.196,1.3235,1.4567,0.578,1.0046,0.5409702944461026,-1.5259,0.2974614
-1.5135,0.3726,-1.2989,0.7092,-1.3641,0.2991,0.134,-0.35205000000000003,0.60891527
-0.128,-0.2027,0.7546,0.2123,1.0997,0.964,0.3485,-1.3358,0.41248882
0.4057,1.4482,-1.282,-1.0431,0.18822328120495063,-0.4203,0.2053,-1.1825,0.97996587
1.1099,1.0419,0.2026,-1.286375,-1.0337,-1.1269,-0.19354999999999997,0.47470000000000007,0.5549624
1.3858,0.0439,0.3366,-1.182,-1.2284,0.5933,-0.48802500000000004,-0.21082499999999998,0.5111684
-0.9555,-0.617525,0.0438,-0.6146750000000001,-0.764,-0.6207250000000001,-0.501225,-1.2172,0.84134257
-0.9055,-0.2576,-1.5389,-1.5284,-0.4553,-0.1421,1.1426,-0.5204,0.89898247
-1.5007,0.04139722063298519,-1.2953,-0.20388789640911695,-0.7507727398874261,-0.4188,-0.1478,0.1806,0.80957544
0.1279,-1.110442530335674,1.4327,0.3488,-0.1153,-1.2922,-0.9459,-0.6881,0.5658835
-0.047200000000000006,0.8337,0.4288,0.32799999999999996,0.067,0.23367499999999997,-0.314125,-1.0663,0.6430677
1.0233990090294236,-0.4452,-1.1656,0.6018,-1.3494,0.8212,-0.9366678395600524,0.3219,0.6044267
-0.9966,-0.5536,-0.26861405437283115,0.1466545991012563,-1.2365,0.6798,0.1293,-1.4006,0.7351638
1.158,0.4941,0.6118309945842784,0.1517,0.7552,0.1681,1.5252,-1.2454,0.50113404
1.333,0.1582,-0.7272964020905276,0.0642,1.2428657037349602,1.0231,-1.506,-0.4002,0.56651866
0.581975,0.8296,-0.62305,1.1159,0.6118,-0.77895,1.2487,1.5253,0.8689504
-0.35235,0.605,-0.06480000000000002,0.44665,-1.3628,-0.18269999999999997,-0.8801,-1.4785,0.6493961
0.17015,1.0541,-0.365,-1.4625,0.5231,-0.8554499999999999,-1.0452990538605433,0.0556,0.85262126
0.1670068441889058,-0.4269,-0.2814,-1.3246,1.3423,-0.397552805528146,-1.0452983161235276,0.3456,0.9109104
-0.7306,-0.32689999999999997,-0.864425,0.6466500000000001,1.0915,0.002074999999999938,-1.0232,0.11209999999999998,1.186599
0.5271,-0.53,0.1014,1.1864,-0.024189878853344924,-1.1687,0.184,-1.3947,0.7714352
-0.2719,-1.45,-1.0647,0.9423,-0.0422,-1.1103,-0.9711,1.3897,1.0584192
-0.5647,-0.5311,-0.4472,1.4665,-0.3608,0.02972500000000001,0.5805750000000001,0.345025,0.80004376
1.1197,-0.13422499999999998,-0.293275,-0.378675,-1.1541,0.2334,0.0678,-1.0349,0.5554387
0.16807207280710917,-0.3957,-0.3864,-1.421,-0.316,-0.43553100257660804,-1.0452949838087109,1.5037,0.7316021
-0.253,-0.4833,1.0205,1.1115,0.15265378351499054,0.4221,-0.8962989562887438,-0.9469,0.5969687
0.2432,0.25408314189924697,-0.807,-0.516,0.8152,-1.155,0.8218,-0.0518,0.9481012
-0.251125,-0.9295,1.2753,-0.23377500000000004,1.2605,-1.103275,1.5176,1.0466,0.527843
-0.5198,-0.141,-0.5316777594703139,0.1546,-0.9295,-1.3012,0.1175,-1.2453995510908649,0.89533365
0.20954999999999996,0.5108,-0.16275,-0.4995,-1.1195,-0.3729,0.697625,-1.226,0.5119304
1.35,-0.9867,-0.1924335682635554,0.4144441730592125,1.4455,-0.8121,0.1252,-0.3582,0.8307075
-0.305925,0.011525000000000007,0.13904999999999998,-0.07649999999999997,0.20697499999999996,-0.3691,-0.08587499999999995,-0.3994,0.7921055
0.1044,0.0446,0.3221,-1.2071,-0.567,1.4421,-0.7005,0.994,0.67821926
0.16370690445803235,-0.7659,0.9106,1.1613,0.8981,-0.8423046110592987,-0.3832,0.5356,0.6177998
-0.0469,-0.6109,0.023,-0.0842,-0.8071,-0.5019,0.2957,-1.3988,0.7486126
-1.063,-1.5009,-0.45082535846254546,0.4284,-0.434,-0.8606,-1.3129,-1.2453964954943118,1.0410403
-0.1587,-0.8477,0.5457,-0.7475,-0.7996,-0.7063,-0.3346,-0.5613,0.6186112
-0.6781,0.5507,-1.5638,-0.851569674846969,-0.6461,-0.4911,-1.4928,-1.5632,1.030658
-0.663,1.3268,0.0533,-1.0909908245003879,-0.5187,-0.0697,0.5039,-0.0523,0.78822017
-0.3099,1.0131,-0.9508,-0.5604,-1.3641,-0.5251,1.5035,0.5413,0.98306376
0.6833,-1.1846,-1.1454,-0.2962,0.5769,0.2487,-1.2894999999999999,0.3899,0.91942316
0.1447,-0.7802250000000001,-0.34604999999999997,-0.567725,-1.016925,-0.3748,-1.015,1.1241,0.8481634
-0.3152,-0.35257184852860135,0.3568,-0.365,0.9306,-0.2516,-1.3691,0.3241,0.77998805
0.12389999999999995,0.08645000000000005,-1.4615,-0.0223,0.13530000000000003,0.4264,-0.523775,-0.305625,0.93228346
-0.2526,0.8423,1.1637,-1.4081,-0.5671,-0.7218,0.0938,-0.4918,0.609315
0.5922788395710377,-0.5982,-0.8859,0.6356,0.6664,1.1065,0.5694307201438076,0.4016,0.8664951
0.2778,-0.5318,-1.051,0.7228513010162905,-0.8397317752317054,-0.5285,-0.7288,0.1903,0.7118919
1.3379,-0.7254,-0.7941,0.0625,0.5327,-0.7327,1.1426,-0.8829,0.7593096
1.0649,0.5037,1.31,-1.2457999054238635,-1.059,1.2318,-1.0963328421350371,0.1546,0.4466854
-1.0784,0.9348,-0.7283,-0.9476,-1.3012,0.24870041555189276,-1.0452992577528266,-1.5246,0.61825997
-0.58205,1.428,0.034,0.4295,-0.21652499999999997,0.32262500000000005,-0.7429,-0.7788,0.74911743
-0.354,0.8977999999999998,1.0918,-1.1468,-0.1626,0.17629999999999998,-0.2149333333333333,0.6436,0.5539462
-0.48182500000000006,1.5699,0.0438,-0.328,0.056224999999999914,-0.1909,0.329,-1.125,0.78173566
-0.7288749999999999,-0.51725,-0.14,0.9764,-0.14639999999999997,0.1311,-0.734925,0.37447499999999995,0.819498
-0.1948,1.3982,0.013585284429247975,0.9856349082340484,0.542303140632065,1.2235,1.4218,-1.0928,0.3872887
1.0488,0.3085,-0.4301,-1.408099902944642,-1.0755,-0.0674,0.9422,-1.2454,0.6948007
-0.0635,-0.9680666666666666,-0.7778999999999999,-0.6918,0.9346,-0.1934,-0.59215,-0.9409,1.070791
-0.21691652425723554,-1.0119,0.3267,1.5049,-0.087,1.4412,-0.3089,0.9997,0.6061926
-1.0635,0.3792,1.426,-0.3990657630114082,-1.0197,-1.0133,0.3817,-0.5564,0.57603437
1.2434,-0.2216,1.455,-0.13,0.6468,0.8559,-0.4277,-0.5122,0.47804818
1.2729,0.4102,-1.374,-0.017600000000000005,-0.1309,1.4348,-0.2154,-1.0527,0.66732913
-0.1757,-0.45710796901174694,-0.8361,-0.6072,-1.1149,-0.8914,-0.9687,-1.0097494547678743,0.8156987
0.9742,1.0921,-1.3952,0.0333,-0.4781,0.7713427763064795,0.2988,-1.267,0.65304
0.385,1.1514,-0.4938,0.7520989856320132,-0.267,-0.8812998550410693,0.3634,1.0227,0.8774106
1.2434,-0.2216,1.455,-0.13,0.6468,0.8559,-0.4277,-0.5122,0.47804818
-0.9709736142729776,0.8534295471357495,-1.3119,-0.3432,-1.1736,0.5399,0.5803,1.1125,0.7869342
0.17022500000000002,-0.80035,0.36615000000000003,-0.8926,-0.011,-0.276025,0.5975,-0.7931,0.6871239
1.2933,0.0413999457091402,0.4539,-0.2038999486095392,0.1758,0.5076,0.7278,0.874,0.5405
-0.48182500000000006,1.5699,0.0438,-0.328,0.056224999999999914,-0.1909,0.329,-1.125,0.78173566
1.0478,0.3366810120918007,-0.938701339455407,0.1851,1.3858,0.0679,1.0328,-0.5722,0.9226199
0.2005,0.3601,-0.7977,-1.5149,-1.202899790860756,1.2963,-1.009,0.5547,0.66845125
0.6927,0.1262,-1.235,0.5045,-0.2339,-0.39849225418204404,0.7412,0.2463,0.8308401
-0.2331,-1.2064,-0.4409,0.18150532903868744,0.2668,0.4977,0.0671,0.4761,0.9371624
-0.3152,-0.719,1.1461,0.6028,0.9306,0.2446,0.7564,-0.1356,0.45593038
-1.324,1.2073,-0.3782,-0.3892,-0.7296,-0.248,0.1046028768129514,-1.5069,0.511862
-0.137525,-0.409225,-0.26717500000000005,-1.1818,-0.126825,-0.5276000000000001,-0.8906,-0.34440000000000004,0.9544999
0.5546,-0.2393,0.9304,-0.4057,0.10998972919803948,-1.1692,0.09377244271123916,1.4053,0.5058918
-0.3049,0.5442,-1.4624,-0.442925,-1.0699,-0.1266509982084939,-1.0835749999999997,-0.764,0.75133634
-0.251125,-1.0846,0.7965,-0.14665000000000006,-1.0766,-0.83615,0.3553,0.4378,0.58760655
0.6396,-1.2601,1.1787747489050715,-0.7764,0.1106,0.2414,-0.7657,1.4845,0.4116896
-1.3632,0.8314,-0.4522,-0.9944,1.0639,-0.15035000000000004,-0.07184999999999997,-1.2346,0.9862896
0.4073,0.2811,0.3766,0.5975510543961381,0.3523182039142314,-0.8795,1.3541,1.1719,0.74862003
1.4285,-1.5558,0.2741,-0.6972,1.2536,-0.8385,-0.3791104715253981,0.5656,0.8888392
-1.1278,-0.5569,1.3546,-0.0172,-0.13751254346970207,1.4658,-1.1071,-0.6236,0.4497143
-0.5896,-1.0001,-0.3849,0.9151,-0.1351333333333334,-0.8948,1.2535,0.4392333333333333,0.9002483
-1.3434,-1.4202,0.09667499999999996,-0.9625,-0.939625,-0.7567,-0.09437500000000004,-0.750675,0.7904446
0.31830146189937175,1.2716,-1.4902,1.1917,-1.3201,-1.4436,-1.0037,0.648,1.2195739
-0.21655,-1.3407,-1.2214,-0.998,-0.10105000000000003,0.2774500000000001,1.5194,0.2533,1.032901
-1.4238,0.9721,-0.2287,-0.8247,0.4609249999999999,-0.47304999999999997,0.511825,0.09912500000000002,0.87386227
0.7911,0.6644,1.123,-1.4081,-0.1579,0.3529,1.0393,-0.115,0.5489941
0.2179,-1.5532,-1.0609,-0.9737883657987068,-1.5278,-1.3349,0.0426,1.5636,0.839343
-0.349975,0.3433,-1.2206,-0.334,0.3838999999999999,0.6901,-0.5246,-0.256475,0.91177946
0.947,-0.4571003899867282,-0.3835,0.4126,0.9432,-0.2992,-0.3762,-1.009749954495138,1.0103457
-0.001878578302827655,-0.2244,0.5774,-1.5341,-1.1477,-0.7691357878974598,0.3142,-0.28873663434717456,0.5705404
0.1497,-0.0351,0.052275000000000016,1.4286,-0.23625000000000004,-0.0822,0.15045,-0.3097000000000001,0.77060467
-0.0548,-1.45,-0.3007,0.2313,-1.5452,-0.1915,-0.9711,0.5222,0.93917257
-0.4281,-0.4571,-0.6101,-0.813,-1.1152,1.3836,0.5412,-0.5070333333333333,0.84940344
1.0019,-1.029883371985035,0.0472042078850193,-1.4276,0.5674006809308425,-1.4371,0.7888,-1.1144,0.7300781
0.3272,-1.2287,0.158,-0.6505421381520817,0.521,-1.0355,-0.7687,-1.529,0.8491763
0.7276,0.5223,1.1941,-0.7032,0.7727471700141524,0.2219,-0.7333,-0.2874,0.61498004
-1.5649,0.8568,-0.9385,0.6491,0.0905,1.4955,0.4849786585636502,-0.0691,0.8911038
-0.932,0.643,-1.0822,-1.3941,1.0282,0.5417,-1.2295898261453062,-0.7749,1.0412401
-1.06,0.6243,-0.9396,-1.5292,1.087,0.59175,-0.6977,0.45904999999999996,1.1010895
-1.4525,-0.0022250000000000186,-1.1773,-1.4867,-0.1744750000000001,0.27307499999999996,-0.8595,-0.5809249999999999,0.9525443
0.5795,0.0149,0.5701,1.3007,0.626,0.2659,-1.3064,-0.8393,0.7449401
-0.2305,0.150775,0.9717,1.4345,-0.07592500000000002,0.381525,-0.02007500000000001,-0.254425,0.4572947
0.43736445409372743,-0.9598,0.023404953816385944,0.1958,0.7564,0.8957,0.2778,-0.6323,0.5358758
0.35666979658172066,0.1406,0.6477,-0.1885,-1.4666,-1.2421,0.3609,0.9563,0.5650922
1.1649,0.40727247058049093,-1.3739985398386603,-0.01907865116218097,0.5857,-0.7412,-0.3588,0.7426,0.9656903
-0.7183,-0.1538,0.7859,-1.0521,-0.7127,-0.4367,-0.581,0.7152,0.55460227
1.4278,-0.2265,0.4358,-0.5157,0.3135,0.3153,-0.8767333333333333,0.5606,0.7220157
0.8209,-0.011176682427601276,0.0648,0.3752,-1.5162,0.8286,0.0144,1.4975,0.51929605
-0.2435,0.38875,0.42257500000000003,0.136,-0.6648,0.2685,-0.58125,0.141225,0.6504659
-0.8055,-0.5364,0.0078,1.5336,1.2339,0.0489,0.5843,-1.2453993123766467,0.68945223
-1.0967,-0.2548,1.2862,-0.1262,-0.503835803344487,-0.5142,-0.4267,1.1018,0.619529
-0.9896,-0.45709932109785717,-1.3501,-1.2318,-1.3268,0.5693,0.768,-1.2454,0.8751784
1.4302,-0.7125,-0.16786020038864582,0.3761,0.7511374605070195,1.038,1.0228,1.4207,0.62723106
-0.7370249999999999,0.8109666666666667,0.8558,0.8144,-0.0887,1.5105,0.16513333333333327,0.1784,0.32121545
-0.8748,0.4736,0.7655500000000001,-0.0204,1.3942,-1.1421,0.14015,-0.38554999999999995,0.64408517
0.16370711559875595,0.9069,1.4335,0.3333,-0.8362,-0.8423045070312511,0.3272,-0.4918,0.595328
0.7262,1.0422,0.9347,-0.5419,-0.27199217299887507,0.1007,0.2898315431398568,0.3347,0.5738781
-0.953325,0.160175,0.25465000000000004,0.5435,-0.666725,-0.607,0.020300000000000012,1.4713,0.741169
1.3164,-1.1542,-0.0976,-0.6545,-0.6436,1.3357,-0.5994,1.2206,0.5668279
-0.48159157498279936,-0.4428,0.6583,-1.0352,0.1743,-0.4113,0.4176,0.5874,0.7424255
1.5015,-0.7856,0.9899,-1.2347,0.636956658604294,-1.1128,-1.5083,0.2564,0.42066327
1.2249,0.0414,0.4132,-0.2039,1.2783755897475435,0.7998,-0.8419,0.2573,0.74526626
-0.2254,1.1843,-1.0834,1.0565,0.1248457222747076,0.8766,-0.24403465682777178,-0.4353,0.75477123
1.4922,-0.9447,0.6984,1.0381,1.5614,0.1357,0.8489,-0.7563,0.4373838
1.5607,-0.26725000000000004,0.700525,1.0163,0.38519999999999993,0.1619,-0.466,0.013325000000000004,0.6301499
-0.4280993790584772,-1.0267,-0.26817429695032247,-1.3807,-0.8703,1.4693,0.5283,-0.22390576021959996,0.731494
-1.0239,0.6945,-0.9329,0.7581,-1.3641,0.243,-1.1685,0.5413,0.8517965
1.1669,-1.45,1.2321,-1.2458,0.729,-0.0407,-1.065025,1.1152,0.45224476
-0.22389999999999996,-1.1339,-0.3343,-0.528875,-0.0925,-0.23422499999999996,0.3354,0.114,0.8749506
-0.4281,0.3655,-0.5751,1.2336,-1.4103,0.6217,-0.595,0.4984,0.68906045
-1.331,0.5095,0.2819888009125453,-1.5687,0.2857,0.3337,-0.1894,0.8112,0.6611379
0.4054,-0.6236,1.4471,-1.138175,-0.12764999999999999,-0.2368,-0.7818499999999999,0.8369,0.48417696
0.7208,-0.0303,-0.4279,1.1275,-0.8071,-0.5019,0.5657,-1.4956,0.57495266
-1.4027,-0.0536,0.7789,-0.2735,-1.1807,-0.1233,0.8797,-1.2453985295590502,0.36882398
0.7394,1.4587,0.43999999999999995,-0.7561,1.0084,0.871825,-0.1648,0.856025,0.6802676
-0.15497500000000003,-0.215775,-1.1778,-0.7012999999999999,-1.3184,0.2687,0.619375,-1.0739,0.81759506
-0.349975,-0.1337,-1.1933,1.4243,0.3838999999999999,-0.5878,-1.1535,-0.256475,1.0071627
1.1522,0.48266749773732126,1.3925,-0.5667,0.9323,-0.3109,0.5344,0.6835,0.596919
-1.099546911067541,0.0682,1.0331,-0.4602,0.4221,0.6569,-1.364,-0.7302,0.6258965
-0.001891846819066547,-1.051,-0.7769,1.3655,0.3391,-0.7691381961733492,-0.5431,-0.2887332608868776,1.0724874
0.1721,-0.7042999999999999,-0.7284,-0.985325,-1.209,-0.9875,-1.0650249999999999,0.3067,0.7371307
0.9521,0.5659,-0.5175,-1.324,0.9461,-0.0296,0.29534739865152554,-0.5088,0.8865339
-0.8538,0.3844,-0.2715,-0.3648,1.4684,-0.310325,0.7856,0.9438,0.9737952
1.1897,1.2981,-0.1034,-1.2043,-1.3391,0.0599,1.2089,-1.1597,0.6472153
-0.6299,0.0479,-0.9294,-1.0323666666666667,1.3789,-0.9669,-1.2694,0.27,0.8959597
1.2657,-0.941,1.023,0.8712,0.8332999999999999,0.20283333333333334,0.6261,0.4322,0.47563905
-1.2017,0.45330000000000004,-0.0617,0.146525,-1.4484,-0.240425,-0.05695,0.6036250000000001,0.68550956
-0.9283,1.1724,0.6761,-1.5358,1.5385,-1.1354,-1.2422,-0.9279,0.45683613
0.6595,-0.9849,1.5654,0.9028,0.4888,-1.354,0.4754699933072772,-0.8828,0.49185082
0.4421,-0.9901,-1.26,-1.4981,1.167,-1.3994,-0.6811,0.3405,1.062271
1.4783,-0.108,1.3389,-1.3253506820209384,0.2812,0.8279,0.03192500000000002,0.16232392012556526,0.5825535
-1.1473,-0.7134,-0.3026,-0.7707,-0.4712,-0.15035000000000007,0.07845,0.0911,0.81443113
-0.3152,-0.006065363149733202,0.5733,-0.5378,0.9306,1.4126,-1.2287,1.449,0.6503457
-1.2224,-0.3945,-0.6719,-1.0507,-0.05579941553697469,0.5654,0.2509,0.6998,0.9716123
-0.4318,-0.661358381547163,1.4055,1.0124,-1.2091,-0.709,-0.4413,-1.0946,0.50836796
1.2475,-0.203,-1.4027,0.4892,-1.3065,0.24870086353089835,-1.045298909507308,-0.9166,0.51761365
1.2567,1.433,-1.3767,-0.7926,0.973946607327931,0.1979,0.5092312335132739,-0.5113,1.0234404
-1.5036,-0.14067500000000005,-0.417,-0.9257,-0.533,-0.6779249999999999,-1.0281,0.06102500000000001,0.7901038
1.0409,-1.45,0.326,0.4894,1.3839,-0.5258,-0.9711,1.0726,0.840663
-0.7471,-0.3308,0.7372,1.1133,-0.10674963398772287,0.33634732407011797,0.022681539375293075,-0.7328,0.48815742
-1.4525,-0.0022250000000000186,-1.1773,-1.4867,-0.1744750000000001,0.27307499999999996,-0.8595,-0.5809249999999999,0.9525443
-0.9276,0.3418333333333334,0.5662666666666666,-0.292,0.5643,0.8719,0.0217,0.4758,0.7466186
-1.1224,-0.3466,-0.9314,0.1521,0.5892,-0.8733,1.2988,-1.2174,0.9625812
-0.3217,-1.0131,-1.056225,0.426275,0.581875,-0.6483,0.0141,-0.2983,1.089087
1.0213,-1.45,-1.5636,-1.2458,0.9594,0.5971,-1.0650249999999999,0.4179,1.1207559
0.3763,0.779,-1.374,0.1687,0.9135,1.4037,-1.3497,-0.7273,0.69349444
-0.7955,-0.5965,1.2371,-0.43561572626773615,0.4851,-0.9695,-0.1643,1.448,0.5920371
-0.2315869170176592,1.1149,-0.7564,0.1016,0.646,0.7262,1.3928,0.7702,0.6947754
-0.2212,1.4212,0.8763151613739054,1.1214,-1.3641,1.1436,1.4912,-0.35205000000000003,0.50108397
-1.4259,0.4837,0.3938,1.3943,-0.2503,0.00831069245691905,-0.8865,0.1327,0.8264818
-1.0942,0.1982,0.0173,-1.158646076849321,-1.0608,0.5934,0.0241,0.005,0.63431627
-0.4234,-0.0217,1.2017,0.4647,-0.8071,-0.5019,1.1037,-1.0849,0.3589562
-1.4455,0.166,-1.382,-0.4512,1.0729,-0.3691,1.3791,-0.8224,1.0277449
-1.0582,0.7244,0.8924,-0.13729659762050347,-1.3895,1.558,-0.2188,-1.1949,0.33751214
0.1416,-1.3736,-0.49725,-1.325625,-0.2231,-0.8577,-0.545575,1.094725,0.877268
0.6304,1.1394,-0.09883333333333329,-1.5475,-0.3104,-0.8307,0.29796666666666666,-0.8485,0.8207628
0.4614,0.31408905371850104,0.5798,-1.0703,0.5302,0.0517,-1.4346,-0.3911,0.7047615
-0.8538,0.3844,-0.2715,-0.3648,1.4684,-0.310325,0.7856,0.9438,0.9737952
-0.915383294706602,-0.5829,0.3952,1.2991,0.56,-1.3378,-0.9977,1.5584,0.6188774
0.0613,-1.2596,1.2871,-0.0398,1.0618,-0.2852,-0.5468315466232411,0.5616,0.6054883
-0.35967499999999997,0.1342,-0.10825000000000001,-1.4817,0.631725,-1.0274,0.6393,-0.30662500000000004,0.9595552
0.3304,-1.0511,0.1406,0.7520969011460636,-0.2329,-0.8812999050188683,-0.9105,0.1603,0.7395948
0.9728,0.7536,-0.6356,-0.8661500000000001,0.3920978957763419,-1.496,-0.5901750000000001,0.4064,0.8135106
-0.9822,-0.0214,0.1817,-0.3581,-0.6198,0.9367,0.9962,-1.24539898813319,0.57132244
-0.7201,1.1285,-0.7899,1.3992,-0.8823,-1.2006,0.7511,0.364,0.7996638
0.06575,0.3494,-0.8171,-0.7778,-1.1978,-1.5336,-0.29714999999999997,-1.0726,0.7759801
-0.4915,-0.1031,-0.8872,0.9499,-0.2119,-1.5261,0.0556,0.3985,0.8468779
-0.128,0.04242499999999999,-0.007849999999999996,0.2123,-0.32762500000000006,-0.268525,-0.14554999999999996,-0.705875,0.79773486
-1.1384,0.319525,-0.070425,1.5543,0.203475,0.02337499999999998,1.4115,0.764,0.56041896
-0.3152002187170368,-1.0921001086301751,0.1131,1.4874,0.9305989904876013,0.5856,-0.6582,-0.5832,0.92765796
0.19369155581613945,0.0635,1.2657,1.1628,-0.9478,-1.0735,-0.379,1.2925,0.5622119
0.83145,-0.8988,0.406825,-0.65935,-0.6165,-0.5488500000000001,-0.9855,0.54155,0.62036157
-0.7806,0.201,0.3069,-1.2144466416076385,-0.2248,0.6787,-1.2137,1.1464,0.6534762
-0.0795,-0.9099,0.6074069731942706,0.6213,-0.3258,-0.16051738666903642,-1.1678,-1.4541,0.6386935
-0.5274697492760547,0.1919,0.05848339605177093,0.44644883303545096,-1.248,1.2085,1.2817,-1.2722,0.432673
1.057,-0.5754,0.1969,0.246,0.2013,0.2487,-1.0453,1.5422,0.77169716
0.7079,-0.4177,1.4547,-0.442925,0.4766,0.0019333333333333331,-1.083575,0.9195,0.54814136
-1.373,0.9526,0.4689,0.1351878657195286,-0.605538448414181,-1.0394,0.2839,1.1263,0.7098471
0.504675,-0.6862999999999999,0.2101,0.11332499999999998,1.1884,-0.7788,-0.1628,0.1199,0.8084459
-0.7405,-0.9940118467893757,0.2406406456619784,0.542,0.4133,-0.2906,-1.1667,-1.0946,0.8037794
0.7913,-0.0636,1.2081,0.1702,0.41569999999999996,-0.03872499999999998,1.0860500000000002,1.1705,0.41292104
0.9878,0.6589,1.2884,-1.2458,1.4697,0.3897,-1.0963333333333334,0.2796,0.6310775
-1.2461,0.1437,0.8066,-0.7081,0.08754421664182878,0.105,1.3211,0.3513,0.5938545
0.3772,-0.37339999999999995,0.1591,0.2728,1.3986,0.19514999999999993,0.6273,0.14695000000000003,0.69516295
0.703,-0.7152,0.6043,1.4654,0.9564285891673867,1.5304,0.6769,-0.9127,0.31444806
1.0241,1.1966,1.2089,-1.4080991612751934,-1.4888,-0.5339,-1.4793,-1.2454,0.44085842
1.4025,1.0324,-0.6731,0.3517,-0.9256,-0.14490444309542733,1.3235,-1.4902,0.5837806
0.0019500000000000073,1.2262,-0.8603,0.6246,-1.2943,-0.8794,0.4564,0.049500000000000016,0.6289786
1.5541,0.509913038513039,-0.8726,0.6113,-1.4566,0.3373983966310177,-1.4062,1.3877,0.9236125
1.471,-1.4855,-0.2964,-1.4761,0.4085,0.023474999999999968,-0.14615000000000006,0.5571999999999999,0.86669225
0.2245,-1.2597,-0.20446416161996026,-0.8768,0.543240461540129,1.1822,0.0803,-1.3958,0.8640268
1.5039,0.27340000000000003,0.535025,0.2115,1.5539,1.187,-0.4937,0.191675,0.75116456
0.0397,-1.2874,0.40179989542377564,-0.8294,-0.4082,-1.5428,1.2772,-0.4287,0.82765985
-0.2379,0.6508,-0.13302499999999998,-0.7757499999999999,0.112125,0.364,-0.42145,0.5792,0.7892897
1.497,1.4338,1.3663,0.7678,1.4281,-1.1765,-1.4942,-0.306,0.41801906
-0.3152,0.7444,-1.234,0.0033,0.9306,-1.4615,1.5342,-1.1379,0.86294
-1.2291,0.1233,0.47743081349127975,-1.4869,0.6279,-0.14555182646316775,-0.3382,1.2008,0.58003205
1.1218,-0.8988,0.2079,-0.4455,-0.6165,0.6619,-0.9855,0.5705,0.5855625
-0.3092,-0.9532,-1.2064,0.0367,-0.90815,0.9329,0.80615,-0.45925000000000005,0.79601
-1.4171,-0.3091,-0.7499,1.2672,-0.0788,1.4993,0.5153,-0.6234,0.86232775
1.2378,0.0451,-0.8081,-0.1939,1.3014,-0.36909874392837444,-0.6683,-0.7498240668407912,0.9458407
-0.5632,0.7442,0.41717403070929954,-0.5489,-1.3641,-0.6318,-0.9019,-0.35205000000000003,0.64479524
-0.02926666666666668,-1.1121,1.5617,-0.3124,1.3966,-0.6933333333333334,-0.4271,-0.3821333333333334,0.6139918
-1.565,-0.087,0.5929,-0.645,0.9308,1.3224,1.1426,-0.5204,0.80766696
-1.2442,1.2213,-0.1523092461820119,-1.4002,0.5154,-1.0747,-0.3323334808014391,1.4186,0.70272577
0.8165,0.6471,0.0825,1.3853,-0.4749,-1.1261,-0.1943,0.704,0.72772986
-0.864,-1.28,-0.360475,-1.066,-0.3104,-1.4116,-0.15995000000000004,0.0941,0.83622456
1.0841,-0.4768,-1.2621,-1.1146,-0.64255,-1.5441,0.05357500000000001,-0.4901,0.8716183
-0.4281,0.3655,-0.5751,1.2336,-1.4103,0.6217,-0.595,0.4984,0.68906045
-1.3786,-1.45,-0.329,-1.2458,-0.4498,0.9881,-1.065025,1.2237,0.6733815
-0.3133,0.3418333333333334,0.5662666666666666,0.8477,0.2641,0.9363,-0.6394,0.4758,0.75613165
1.3293,0.1879,-0.4102,0.7521,0.0766,-0.8813,-0.9557,-1.0538,0.8823588
1.1018,1.3825,-1.1576,-1.4081,-0.9083,-0.0336,0.9436,-0.4918,0.66263354
-0.1139,-1.3886,0.2247,-0.20215,1.0432,0.4192,0.6043,1.5279,0.7828611
-0.5962,0.12679999999999994,0.0038750000000000173,-0.1555,0.6095,-0.38310000000000005,0.587875,-0.07215000000000002,0.84981006
-0.4281009913811577,-0.4570995740030576,0.3104,1.4192,0.16,1.1982,-0.5439,-0.6474116060033412,0.7204914
0.6532,-0.6977,-0.9881,-1.4080992005779067,0.6228,0.2961,0.8905,-1.2454,1.0293963
-0.2642,-0.0933,-1.1479,0.7521,-1.4733,-0.8813,-0.0546,0.6633,0.92348033
-0.7541,1.5375,0.3134387227554382,0.7239,-0.3601,-1.2495,-0.9603,1.4309,0.68199235
-0.044,-0.04557500000000002,0.5776,0.661825,0.601275,0.2581,1.3793,0.7268,0.5787391
0.7365,0.03897500000000004,-0.5259,0.7342,0.2398,-0.26805,1.3172,-0.38465,0.78348076
-0.29367499999999996,0.3782,-0.13490000000000002,-0.01882499999999996,0.6787,-0.3363,-0.8743,0.888,0.91808975
-0.4280999959998032,0.5751,1.2634719489375281,-0.2093,0.6959,1.038,1.081,-1.2454,0.33286726
0.023,-1.1456,-1.2798,-0.5999,-1.5579,0.0099,-1.2729,-1.2454,0.7430825
-0.32505,0.7438,0.8226,-0.42952499999999993,0.30500000000000005,-0.7,-1.2191,-0.279225,0.7281197
-0.4227,-0.7584,-0.76215,-0.0327,-0.21404999999999996,0.6711,0.1592,0.0531,0.87396884
-1.3335,0.2637,1.4587,0.472975,-1.3528,0.07087499999999997,0.5906,0.512425,0.45694894
0.28215,0.4723,-0.38957500000000006,-0.28567500000000007,0.270775,0.0009,0.013299999999999979,0.5131,0.8766433
-0.339,0.4723,-1.4691,-0.0906,-0.4552,0.0009,-0.4788,0.9331,0.84938
-0.975794782228613,-0.0955345547846576,0.338,-0.6528,-0.0788,0.7482,-0.3942,0.2674,0.73441243
0.432,1.4353,0.5138,-0.6117,0.6317,-0.5705,-1.0453,-0.9972,0.66004956
-1.2598,-0.18058093538478207,0.0894,0.2222,0.1413,0.8958,-0.8429,-0.5727,0.94520825
-0.2679,-0.941,-0.21103333333333332,-1.2025,0.8498,-1.5062,-0.39353333333333335,0.963,0.81913364
-0.21655,0.5307,0.9756,-1.0023,-0.10105000000000003,0.32262500000000005,-0.3415,0.856,0.62934226
-0.0311,0.3991645669688887,-0.0523,-0.6569,0.8754,-1.0688,0.1779,-0.2506,0.85147905
-1.4951,1.161,0.4196,-0.4429250000000001,-0.06675,0.0602,-0.49795000000000006,1.1926,0.69471675
0.29777499999999996,-0.06985000000000002,0.26837500000000003,0.8968,-0.607575,0.08879999999999996,1.0749,1.4855,0.49979165
0.352,0.5725,0.43999999999999995,-0.0197,-1.1815,1.2854666666666665,-0.2005,1.2745,0.4937779
-0.2415,0.5709,-0.9627,-0.311925,0.02394999999999997,0.3805,-0.06774999999999999,0.3441,0.88154113
-0.46240000000000003,-1.45,0.5846,-0.016750000000000043,0.2616,-0.637575,-0.9711,-0.009075000000000041,0.7668122
-0.137325,-0.5052,-1.1465,0.6579,0.49160000000000004,0.8015,-1.208,-0.393175,0.9458059
-1.057175,-0.9119,0.567575,-0.5541999999999999,-0.8669,1.2046,0.159425,0.25925000000000004,0.5422699
-1.4922,0.1551,-1.0874,-1.4083,-0.5898,-1.3061,-1.2211,1.5396,0.5860679
-1.2945,1.52,-0.765,0.5517,-1.3198,-0.9935,-0.2169,0.2741,0.7223529
0.6252333333333334,0.3677,0.0139,0.5804,1.1727,-0.5689,-0.1713,0.2531,0.8506667
0.080875,0.08239999999999996,-0.08587499999999998,-0.5888,-1.2289,-0.07805000000000001,0.1911,0.5530999999999999,0.5969707
1.0935,0.3841,0.9278,-0.0177,-0.8598701877201504,-1.4126,-0.4311752379441531,0.6325,0.5421182
-0.5139,0.5031167493849855,-0.7845731574496363,1.1296,0.3067,0.2766001661228608,-0.2979,-1.2712,0.8690862
-0.4281,1.3106,-0.344,-0.2988,-1.1142,1.5018,0.5808,0.4984,0.7263084
0.0454,-0.8577,0.9988,0.7521,-1.0222,-0.8813,0.73,-0.1624,0.5443435
-0.0465,-1.1694,-0.8893,-0.5592,-0.8071,-0.5019,0.1128,1.3799,0.73727685
1.4818,-0.5447,-0.9357,1.5269,0.9814,0.5526217986190314,-1.2846,0.4478,1.0721713
-0.0399,0.011860582122605587,0.8818,1.0093,-0.06274293063551446,-0.2026,-0.507,-0.2358,0.59206074
-0.32393333333333335,-1.1021,0.0944,0.5761,0.38389999999999996,-0.0559,0.7612,-0.5081000000000001,0.74809676
-1.0149,1.3327,-1.1135,-0.2752,-1.3361,0.24869418696906911,-1.0452788403352031,1.5594,0.92602706
-1.1004,1.39,0.2761,1.2999,1.4043,1.3292,0.9631,0.9957,0.6144936
-0.490175,0.2638,1.2018,-0.9246000000000001,-1.1553,-0.6450999999999999,0.5959,0.4128,0.5259075
0.0772,-0.8174,0.3923,-0.3516,-0.8084,-1.3146,0.7716,-0.843,0.59389734
-0.9219,0.2916,0.5904775207458252,0.6552223719153486,0.6137980303570917,1.3305,1.4112,-0.6023,0.25429624
0.6276,0.895,0.9918,-0.4941,-1.1947,-0.40886807876393766,-0.1757,0.3867,0.52912396
1.0752,-0.4570911930704204,0.5138,-0.4283,0.3542,0.664,0.2097,-1.0097498564271818,0.6914919
-0.02355,0.1637,-0.716875,-0.943075,1.5247,1.2084,-0.5015,0.8909750000000001,0.95160216
0.2508,0.4748997158815517,1.32532994710758,-0.1625,-0.8936,0.1864,-0.1348,1.3638,0.4767252
-0.6207,0.084675,1.00695,0.4386,-0.25212500000000004,0.7673,1.4386,-0.08555000000000001,0.24351904
-0.2435,0.38875,0.42257500000000003,0.136,-0.6648,0.2685,-0.58125,0.141225,0.6504659
0.6376,1.4271,0.25615,0.6206,0.7199,-0.8668,0.17655,-1.2522,0.7314798
-0.412,-1.0001,1.4511,-0.3669,-0.13513333333333338,0.3819,-1.3044,0.4392333333333333,0.634297
-0.6083,-0.3875,-0.497,-0.8367,-0.8071000368289452,-0.5018994036623278,-0.8307,0.6631,0.81774044
-1.1278,-0.5569,1.3546,-0.0172,-0.13751254346970207,1.4658,-1.1071,-0.6236,0.4497143
1.2685,-1.4232,-0.9396,-1.3421,-0.2169,1.5526,-0.3485685663183208,1.3175,1.0247455
0.7224,-0.5536,-0.4085,1.0365,-0.1157,-1.1672,-1.1036,1.3142,1.01655
-0.4877,-0.01787510315716849,1.1779,0.1157,-0.0605,0.1357,1.2799,-0.4221,0.3824416
-0.06359311184761586,1.1723,1.005,-0.2415,0.2725,-1.4568,1.1889,-0.3206,0.582406
-1.1214,0.9719,-0.9451,-0.7579,-1.3641,1.198,1.1426,0.010450000000000015,0.74391633
0.034366666666666656,0.7309,-0.3133,0.23722500000000005,-0.08070000000000001,-0.3261,1.0527,0.00897499999999998,0.69279146
-0.9182249999999998,-0.22037500000000004,-0.2327,0.06237500000000004,0.845375,-0.45909999999999995,-0.2596,-0.2778,1.0287452
0.01160000000000004,1.4388,-0.7235,0.2581,-0.07627500000000004,0.6683749999999999,-0.8481,-0.06312499999999999,0.9046452
0.5173,-1.45,0.9628,0.6292,1.2659,-0.5847,-0.9711,-1.0512,0.6405413
-0.490175,0.2638,1.2018,-0.9246000000000001,-1.1553,-0.6450999999999999,0.5959,0.4128,0.5259075
-0.320975,-1.06835,0.6708,0.128,0.6379250000000001,1.1846,0.6432,-0.3685,0.50327915
0.9347,-0.7125,0.3202,-0.7393,0.5715,-0.7241,-0.9903,-0.7117,0.6888878
-0.4281,-0.8453,0.5500752476607605,0.9563,1.128,-0.2106,-1.0442,0.4984,0.7587821
0.1098,0.1255,0.4035,0.9433,0.34879999999999994,-0.22499999999999998,-0.2136,-0.833,0.7515479
0.6942,-0.247,-0.09883333333333333,1.0068,-0.3104,1.0153,0.29796666666666666,-1.1414,0.579341
0.4024,0.0864,-1.0887,-0.332,1.0685,0.3011,-0.3761,0.0856,0.9989386
-0.4281,0.5616,-0.5009,-0.3294,0.5106,1.388,0.8977,0.4984,0.8358101
-1.1538272021142624,-0.3638297175351814,0.3585,-0.3956,-0.4447,1.2535,-1.0417,-0.0752,0.62925386
0.7859,0.49617741875041743,0.9437,-0.3719,-0.8816,-0.4536,-1.2722,1.3369,0.5638378
-1.0248,-0.2946,0.6343,0.6006,-0.8915,0.8813,-0.3932927329440108,-1.0436,0.36208534
-1.1558,-0.6311,1.0196270079831395,1.1421,0.0636,1.1768,1.4355,-1.2454,0.18668145
0.492575,-0.44362500000000005,-0.200275,0.3783,0.09105000000000005,0.4338,0.8387,-1.1995,0.59924716
-0.3547,-0.0498,-0.897,0.3093,-0.494,0.4368,-1.0356,-1.2453991840042111,0.8316671
0.6224,1.4731,-0.3594,0.9896,1.1742,0.7484,1.1798,0.1032,0.78991175
-0.3492,-1.1791,-0.20777500000000002,-0.0907,-1.2801,-0.15035000000000007,-0.10609999999999999,-0.3978,0.6173086
-1.2202,1.5688,-0.5346,1.5632,0.2449,-0.5623,1.0282,-1.2454,0.9157369
-0.31520006028683856,-1.3455,0.9406,-0.7152,0.9305998416828205,-1.0798,-0.4031,-0.8085,0.7320366
-0.663,0.1445,0.1505,-0.905825,0.591,1.2346,-0.25510000000000005,-0.15152499999999997,0.83444935
0.17015,-1.4179,-0.2157,-0.2614,0.7512,-0.8554499999999999,-0.5867,-0.557,1.0274719
0.9496,-0.4106,-1.042028699496218,-1.541,0.3977,0.5832,-0.4324,-1.2006,0.9499903
0.0901,-0.7042999999999999,1.5027,-0.2039,-0.1927,0.755,-0.9711,-0.0224,0.633643
1.2135,0.1014,1.2,-0.2253,-0.062350000000000017,0.28773333333333334,0.0615,0.5865,0.5403928
0.6111,0.39475000000000005,1.2403,-0.8407749999999999,-0.3933749999999999,-0.14040000000000002,0.6318,0.026899999999999993,0.5063465
0.2073,-0.1547601461674788,-0.15904476505941312,0.9219,-0.730205354120334,-1.1038,0.5061,1.1633,0.7509601
-1.3854,1.0163,-0.2212,0.7521,-0.4232,-0.8813,1.3116,0.5372,0.81739116
0.2336,1.3236,-0.04024561417605191,-0.0009,-1.5668,-1.5052,-0.7727,-1.2454,0.68932027
-0.8075,-1.45,1.0525,1.1445,0.8177,-0.1666,-0.9711,-1.0705,0.6916874
0.8132,-0.27250617030698915,1.3722,1.135,0.1774514939966027,1.4237,0.8966,1.4995,0.33234856
0.578425,-0.11420000000000001,-0.2572,1.5407,-1.2447,0.20505000000000004,0.363425,-1.4705,0.40388805
-0.715875,-0.131,0.505575,-0.61095,0.2392,-0.526275,0.26827500000000004,0.9736,0.8030878
0.3779,-0.4263,-0.17165,0.0393,-0.022,-0.7034666666666668,-0.117975,-0.7247,0.8701435
0.2823,-1.2929,-0.7406,-0.1454,0.3285,-0.6537,1.1426,-0.5204,0.8174732
0.8461,1.3698,-0.35928048020385683,-1.1476,-0.7345,0.1584,1.1286,-1.2453985839641337,0.8048728
0.016009096363430002,1.44,0.8092,-0.8155,0.2024,-1.2593,-0.1103,1.2158,0.53943944
1.3726,0.4752,1.1905,-1.4327,0.8304,0.4802,0.9899511890989235,-0.5143,0.5573509
1.0187,-0.5173,0.2561,-0.8061,0.8954,0.4273209231250685,-0.2911,0.9389,0.78264475
-1.3648,0.35682499999999995,0.143225,1.0056,0.24219999999999994,0.11257499999999995,-0.4588,0.0352,0.766022
-0.972849932137944,-0.2214,0.2057594683289809,0.6666,0.8154,-0.7169,-0.6072,0.8099,0.8601771
-0.6489,0.0414,0.7002,-0.2039,0.2779725009579939,0.4199,-1.4378,1.4207,0.6342202
1.0656,1.2955,0.0466,-1.4081,0.6545,0.4933,0.4234,-0.115,0.87839615
-0.3036,0.12567936491471177,0.7972,-1.2809,1.3812,-0.9193,0.2245,-0.6082,0.7398684
-1.1917,-0.9871,-1.2169,-0.5987,0.9063,1.1631,-0.9610841581822043,0.0948,1.1761789
-0.37939999999999996,0.11925,0.53305,1.1266,0.72485,0.855425,0.2407,1.0487,0.58435225
-0.56505,0.5331,-0.0617,0.7315,-0.237825,-0.9577,-1.5315,0.51985,0.72631055
-0.6152,0.2632,1.0301,-1.1295,-0.2894333333333333,0.3425249999999999,0.432,-1.4861,0.42355165
-1.0068,0.628,-0.878825,-1.3126,0.964075,0.660075,-0.05487499999999998,-0.0385,1.2062382
0.7805,0.3664,-0.44488923718363577,0.6281,0.656,0.39547314326345484,1.2337,0.9869,0.7791005
0.4122,-1.45,1.0297,-0.0059,-0.7444,1.5694,0.08575000000000005,-0.5204,0.44755688
-0.4519,0.7746,-1.0407,0.7121,0.4153,-0.5671,-0.7119,-1.2454,0.9600726
-1.119,0.04139928338887658,0.4815,-0.20389817142974545,0.8075,0.7701,0.9917,0.501,0.6536845
-0.2224,1.3947,-0.399,0.9433,0.34879999999999994,-0.22499999999999998,-0.7557,-0.6947,0.8850038
0.8214,-0.6233,0.2623,1.3573,1.2777,1.2303,0.6722,-1.2454,0.41718736
0.021580717036296465,0.5305675674081728,0.565,1.0841,-1.0324,0.708,1.2498,0.6385,0.3933375
-0.0745,0.43906666666666666,-0.1697,0.5776,0.7552,0.40309999999999996,-0.82955,-0.5445,0.8725795
0.7323,-1.4073,-0.897,0.902,-1.3408,1.0802,-0.77,-1.245398208325684,0.7830572
1.3247,0.9996,-0.3786401856893423,-0.1459,-1.3641,0.645,-0.7887,0.5413,0.6864299
-0.3954,0.7369,0.5078,-1.1447344899036167,1.2046,-0.3955,-1.2448,-1.4216,0.64676404
0.56545,0.3310666666666666,1.0831,-0.2936,0.8581,0.05737500000000001,-1.5479,-0.3015,0.63381755
-0.31520029371146197,-0.9725567101861856,-0.3383,-0.7469,0.9305937098827122,-1.4559,-1.5395,0.5221,0.92110735
-1.1772,-1.2278,-0.575,-0.0887,0.5757,-1.46,1.2857,0.8686,1.1353868
-0.80815,0.9457,-0.16605000000000003,-0.03194999999999998,0.8057,0.9259,-0.470875,0.504075,0.9634615
0.1638,-0.9413,-1.4746,-0.8184,-0.5087479312504484,-1.1785,-0.715900823482946,0.6261,0.8854739
-0.5993999999999999,0.779,-1.374,0.1687,0.40304999999999996,0.264775,-0.26492499999999997,0.6075,0.9975862
0.10704999999999999,0.0595,-0.604175,-1.3189,0.9402,-0.5478,-0.547,0.6863,0.8762338
-0.7196666666666668,-0.8231,0.08529999999999999,0.6209999999999999,-0.2777,-1.1411,0.0599,0.9861,0.8439806
-0.2697,-1.2576,0.6880662793725338,-0.192,-1.3641,0.1717,-0.0796,-0.35205000000000003,0.5437454
-0.0243,-0.442,0.6361,1.293,-1.4924,-0.9774,0.520500715843578,-0.6299,0.5753273
0.21225,0.3178,0.56065,-1.4037,1.1972,0.6915,0.6746,1.041825,0.6274262
-0.2364,-0.24341431844869163,1.046,0.8155,-0.39375060374632936,0.424,-1.4658,-0.468,0.64647794
-0.35283333333333333,-0.2188,0.9781,1.4061,0.16569999999999996,1.282,-0.555,0.51985,0.49693692
0.7335,0.6291,-0.696,1.4179,1.5422,0.9327,0.9511,-1.2453996363058681,0.6847226
-1.4237,-0.7137995536366238,-1.3304502007695032,0.4249,-0.14125170445301197,-0.1924,-0.4756,1.4095,0.9940449
-0.4658,1.5564,0.5461284999280815,-0.38809331064765273,0.0915,0.6149,1.1961,0.1533,0.5637982
-1.3255,1.2438,-0.9396,1.5595,1.1829,0.59175,1.0615,-0.10910000000000004,0.9356578
0.960625,-0.485,0.300325,1.3181,0.3722,-0.08740000000000003,0.37455,0.905,0.6662591
0.3913,0.5715,1.1105213585204001,-0.9076,-0.8153176975362614,0.816,1.4148,-0.5082,0.52571124
0.760575,0.4448,-0.40727499999999994,-1.5695,0.01855000000000001,-0.0093,0.793825,-1.3589,0.80712885
-0.4281,-0.7902,0.05706798707149005,0.7603,-0.7922,0.0993,-0.0197,-0.37350000000000005,0.6936721
-1.5123,-0.6631,-0.360475,-0.7205,-0.3104,-1.1591,-0.15995000000000004,-1.5334,0.83382905
-0.1639,-1.45,-0.9292,0.6532,-1.4861,-1.0888,-0.9711,0.795,1.2350143
-0.7617,-0.1357,-1.4303,-0.4472,1.0779,-0.3574,-1.0058,-1.2453959175729092,1.1955564
-0.6757,0.4655868454483005,-0.23900465444893365,-1.1637,-0.1793,0.0094,-0.2669,-0.4849,0.83493793
-0.406,-1.2622,-0.6467499999999999,1.0145,-0.17622500000000005,-0.503325,1.3343,-0.07552500000000001,0.7511955
-1.4685,1.3941,1.2333,0.2414,-0.46140000000000003,-0.6793999999999999,-0.5811,0.45740000000000003,0.66198313
-0.9972,-0.0486,0.1903,-1.4080996006593156,-0.5581,0.5147,0.3605,-0.49179966831332556,0.6611912
0.5968,-0.5681,-0.792,0.8636,0.4069,-1.0995,-1.1678,-1.2453996076586131,0.99010056
-1.291,-0.302,0.8192,0.6108,-0.8071,-0.5019,-0.4417,-0.2424,0.7038725
0.1428,-1.0525,-0.695024556031365,0.5264,0.4018,0.5936,-1.3446,-1.2454,0.96134293
0.4955,0.0414,-0.5424,-0.2039,-0.445,0.7661,0.4704,0.7279,0.75062126
-1.3454,-1.0001,0.3305,0.7212,-0.1351333333333334,1.2153,-0.5045,0.4392333333333333,0.7028415
0.611975,0.0414,-0.240275,-0.2039,0.7604,0.137525,-0.19252500000000003,-0.064125,0.87134403
-0.0751,-0.6674,-0.254875,-1.3043,-0.008125000000000049,-0.06212500000000004,-0.2604,0.73145,0.86369085
-0.9057,1.0158,-0.1525,0.4787,-0.2843,1.4343,-0.2856,0.3066,0.69717246
1.3168,0.4055,-0.24795,-1.255,-0.6835500000000001,0.5861500000000001,1.4457,0.524775,0.71042717
-0.838,1.3897,0.5537,0.7521,-1.0259,-0.8813,-1.4017,-1.2461,0.76475817
-0.7539,0.4276,0.44007296107834976,-0.42911672885269264,0.5832308035275977,-1.117,-0.9251,-0.1695,0.7054529
0.1267,0.4844,-0.5285,-0.4033,-1.0819,0.3988,-1.046,-1.245399569376749,0.61626405
1.2516,-1.2753,0.0636,0.481,0.08501308309837641,1.295,-0.8501,1.47,0.8379226
-1.2731,-0.5742,-1.3759,-0.8831553485315979,-0.5408,-0.0121,-1.3153,-0.4784,0.91544163
-0.7394,0.3574,0.6699503821067255,-0.8153,-1.5631,0.01788143486708451,-0.9118,1.5357,0.35771164
0.2038,-1.4123,-1.0739,-1.3402,0.3335,-0.38393768780830917,0.2837,-0.3242,1.2801543
-0.701,-0.5075,0.4536,-1.1064,0.6501,-0.20729467054895792,-0.525,0.0606,0.7247997
-0.4280823519602037,-0.45709023787675446,-0.006,-0.2374,0.2583,0.9508,1.454,-0.3850533768512025,0.47126034
-0.996,-0.7312,0.7103,0.276,-1.41,-0.7491,0.9114,0.8284,0.5299397
0.0314,-1.1826,0.8562,0.6864,-1.5648,-0.8821,-1.2874,-0.5505,0.37250674
0.5797249999999999,-0.26739999999999997,0.611925,1.1345,1.5047,0.7082,-0.449475,-0.33475000000000005,0.56761706
-0.2074,-0.8794,0.0252,-0.7438,-0.8070876909544847,-0.5018845936510772,1.1708,0.2756,0.71893674
0.4024,0.0864,-1.0887,-0.332,1.0685,0.3011,-0.3761,0.0856,0.9989386
-1.182,-0.6557,-1.037,0.0263,0.2879014810706386,-1.5702,-0.1346,-0.0102,1.0391523
0.622395915697451,-1.45,-1.0453,0.0488,1.0404,-0.5499,-0.9711,-1.4389,1.2343997
0.7923,-1.35,1.3221,0.3147,0.1098,-1.5283,0.4139,-0.8851,0.4923192
-0.71525,0.012975000000000042,-0.10594999999999999,0.653275,0.5217,-0.6228,-0.3896,0.3865,0.90903115
-0.2562,-0.1751338097612847,1.3195,-0.757,-0.8935,1.3755,0.6813,1.4211,0.46095145
0.6224,0.01155000000000006,-0.6107,1.4242,0.2693,1.1728,0.10435,-0.686,0.7303817
-0.24205,-1.0791,-0.3758,0.082325,1.4062,-0.96325,-0.123,-0.6763,1.0761663
1.5354,1.3653,0.0139,-1.1783,1.3895,0.0042,1.0923,-1.408,0.86424994
0.4156110760056587,-0.0285,0.8866804739776798,-1.161,1.2142,-1.1891,0.4985,-0.1645,0.6325771
-0.839,-0.6054,0.05652499999999999,0.681,1.4747,-0.7034666666666668,-0.2722,-0.9604,0.95617414
-0.3152,0.2968,1.0582,-0.1022,0.9306,-0.3426,0.5887,1.1305,0.5897304
-0.2141,0.075,-1.3726106765220853,1.262,1.3218107422333882,-1.3551,-1.3593,-0.0043,0.8855954
0.4646,-1.449998467035914,-0.9406,0.4117,-1.2609,0.3419,-0.971098310594533,-0.5686,0.83602846
-1.4373,-0.2674,0.0605,0.1852714731345876,0.403,-0.6047,-1.5251,-0.6433,0.93180895
0.9653,0.5095,1.0375,0.6752,0.2231,0.3337,-1.235,0.3035,0.6349519
1.0675,0.04139969677675394,-1.312,-0.20391878398625635,-0.2655,-0.4413,-0.8891,-0.6509,0.8190642
0.07597500000000001,-0.191525,-0.08165000000000003,0.466075,0.0185,-1.055,-0.5108,1.5593,0.7488868
-1.0112,-0.129,1.4321,-0.2266,-0.628,0.9751,-0.2262,-1.2453993316018672,0.4033597
-0.6296,0.1879,-0.4783,-1.4081,1.2833,-1.4177,-1.1084,-0.4918,0.9233241
-0.9606,-0.4571,-0.5794,0.5811,-1.5287,0.6385,-1.2322,-1.00975,0.9004307
1.1417,1.1835,1.1737,0.1256,-0.5188148205269039,0.6849,1.2034,0.2792,0.43163478
-0.57175,0.0138,0.08529999999999999,0.5188249999999999,0.0717,0.8461,-1.1876,-1.4334,0.75226456
1.4864,0.5109327845281243,-0.2603,-0.5901,-1.3742,0.34651883164208036,1.2925,1.393,0.6088493
0.6224,1.4731,1.4579,1.0997,0.0101,0.7253,1.1798,0.2235,0.41216123
0.4205,-1.2849,-0.8446815188905532,-1.5437,1.3679,-1.136619565163568,-0.4053,-0.1619,1.0423009
-1.3221,0.592,-0.2017190704236729,-0.7596,0.1648,-0.4617,-0.6559,-0.2148,0.89808095
-0.24824999999999997,-0.2884,1.3195,-0.757,-0.8761249999999999,0.85635,0.488425,1.4211,0.5052649
-0.4281,0.8347,-0.7325,1.2734,-0.8405,-0.056,1.0753,0.4984,0.682155
0.5313,0.3275,0.6912,-0.8391731308730184,-1.5085,0.7201,-0.3909,0.3405,0.4449332
-0.8208,0.5382,1.4649,0.5794,-0.479,0.4571,1.1426,-0.5204,0.30554846
-0.4281,1.1311,-1.4303,0.5814,0.735,-0.5112,-0.7968,-0.37350000000000005,1.0393691
-0.9303,0.1788,0.3317,-0.14162499999999995,-0.1609,-0.0796,0.03192500000000004,0.002524999999999996,0.7459551
-0.6899,-0.6286,-0.24690777179011084,-1.4814,0.9913,0.12804421861629642,-0.0576,-0.7593,1.0371736
1.3164,-1.1542,-0.0976,-0.6545,-0.6436,1.3357,-0.5994,1.2206,0.5668279
1.3213,0.4501,-0.0341,-0.5785,-0.2325621677831548,-1.393,-0.0013,-1.2118,0.70772636
-0.8329,-1.3783,1.3677,-0.5674,-0.4632,-1.4567,-0.805669583875811,0.2737,0.61557245
-0.783,0.3852,1.5328,-0.09050000000000002,0.6809,0.7485666666666666,-0.9895,0.2207,0.69918966
0.703,-0.7152,0.6043,1.4654,0.9564285891673867,1.5304,0.6769,-0.9127,0.31444806
-0.5741,-1.0859,-1.1299,-0.072,-0.8985,0.7505,-0.4644,-0.4024,0.79647774
-0.02250000000000002,0.6165999999999999,-0.7937,0.1978,-0.274,-0.18955,-0.819,-0.2968,0.9295347
0.4552,-0.951,-0.036,1.3869,-1.41,0.2487,-1.0453,-1.2996,0.43996125
-0.242,0.0212,-0.0655,1.2993,-1.1038,-0.36910009407297295,1.4879,-0.7498244854013799,0.52217245
1.3677,0.9269,1.5328,-0.5118,-0.5372,1.5635,-0.0055,-0.4185,0.49731088
-0.111,0.5095,0.5049897335637981,1.1108,-1.3218,0.3337,1.3396,0.9988,0.34864432
0.563,-0.2128,0.5119,0.4855,0.7961,-0.1561,1.4645,-1.2886,0.47279558
-0.13,-1.4844,-0.6638,0.8025,-1.0547,0.2016,-1.5235,-1.0329,0.9336468
0.1267,0.4844,-0.5285,-0.4033,-1.0819,0.3988,-1.046,-1.245399569376749,0.61626405
0.6319666666666667,-0.7023,-0.62305,1.4546,-1.4013,-0.5753666666666667,1.2643,-1.3467,0.5381794
1.5592,0.4578,0.12256630526494448,-1.2475,-1.3704,-0.015904432674192722,1.2058,0.8753,0.4537675
0.09097500000000006,-0.7991250000000001,-0.278425,-0.6985,-0.8071,-0.5019,-0.19200000000000003,0.519575,0.6804623
0.8003,0.8043,0.4557,0.831,1.5422,-0.07205494448548136,0.3341,1.4616,0.64531994
-0.7816500000000001,0.4494250000000001,-0.4328,-0.37927500000000003,0.86345,-0.8175,-0.3966,0.6387499999999999,1.026669
0.2887,1.2984,-0.2709,-0.5238,-0.4227,-0.2082,0.9996,0.0481,0.7394923
-0.128,-1.1865,-0.027566395939051403,0.2123,-1.3065,-1.3929,0.1608,1.2124,0.746506
1.1448,1.4392,-0.6890241869791599,-1.2989,-1.0291,1.4745,0.5043,-1.2453974781061758,0.6726426
-0.705,1.0945,0.3293,-0.48993696671378956,0.2753554580207449,-0.5984,-0.17,-0.8361,0.74095803
-0.3151995270604196,0.846,0.364,0.4928,0.9305992961303063,-0.6246,1.5689,1.0787,0.6334818
-0.3412,0.6274,0.4178,-1.1703,0.6485,0.3271759537322081,0.8204,-1.4613,0.66546685
-0.8833,-1.094,0.025924999999999976,-0.07345000000000002,0.16749999999999995,0.14077499999999998,-1.4299,0.0594,0.9723749
-0.6107,-0.0151,-0.0617,0.7893,0.13760000000000003,-0.5673,1.3632,1.4371,0.7058986
0.0055,0.2782,-0.7916,-1.4761,0.3757192738017344,0.1754,0.6001944886712799,-1.4895,0.9115045
1.4417,-0.2054,0.9605,-1.2921,-0.8052720827110371,0.5083,1.3755,-0.4916,0.54056674
1.2079,0.3198,0.8225295526279465,-0.2995,-0.3045,1.4528,0.8299,-0.969,0.49777272
-0.7631,0.0547,0.8822,-1.2458,0.8079,-1.0419,-1.0963333333333334,0.3808,0.621356
-0.5955,-0.7202,0.5958,0.4468,-0.5311,1.1692,0.29535825462796184,1.3137,0.47673208
0.41836197167063105,0.8397,-0.8058964354329504,-0.1037,-1.1919,0.5894,1.5078,-0.6246,0.73033684
1.3927,-0.4361,0.9754,0.2231,1.3134,-0.1128,-0.1446,-0.1624,0.5960313
0.5129,-0.5078,-0.7191,-0.9846,-0.9307,0.4862,-0.0783,0.5073,0.66486263
-0.6225,1.028,0.6584,-0.8728,0.2723,-0.5238,-1.2504,-1.2647,0.6595442
-0.2397,1.2075,-1.1023,-1.4492,-0.5819,-0.3691,1.1603,-0.8224,0.80701697
1.1992,1.4362,-0.9263,0.748,0.5982,1.3734,0.4591557534738972,-1.0604,0.6533199
1.5182,-0.6084,-0.5284,-0.1978,0.9914,-1.2586,-0.0887,-1.2453998365502397,0.99011326
0.16807207280710917,-0.3957,-0.3864,-1.421,-0.316,-0.43553100257660804,-1.0452949838087109,1.5037,0.7316021
-0.4318,-0.661358381547163,1.4055,1.0124,-1.2091,-0.709,-0.4413,-1.0946,0.50836796
0.31895,-0.3897,-0.1107,0.5007750000000001,0.10245000000000001,-0.81965,0.7919,1.08,0.80243814
1.2923,0.01495288002162759,-0.1002,0.5654,-0.1896,0.5326,1.4024,-1.2766,0.56010646
1.3023,0.53735,-1.2334,-1.4828,-0.21670000000000006,-0.49512500000000004,0.5806,0.19827499999999998,0.8262796
-0.61838,-0.4758,0.607,-0.864,0.1995,-0.988,1.1426,-0.8829,0.76189303
0.6189,0.393,-0.4773,-0.4799,0.8903899966724236,0.7061,0.9445,-0.0292,0.89245856
0.8489,0.3008,0.1462,-1.3982,0.0041,-1.1945,0.2014,-1.3022,0.59354496
0.432,-0.5592,-1.1429,1.4685,0.698,-1.3897,0.0671,-0.7617,1.0075711
-1.4716,-0.1359,-1.1454,-0.9045,-0.31040047477535915,-0.1342,-1.5337,-0.0061,0.8947471
-1.2654,0.9109,0.651,-0.35,0.9032,0.4181,0.3774568386160718,-1.4569,0.6363029
-1.3454,-1.1989,-0.3834051885261933,0.3329,0.0725105064942348,1.2455,0.9034,-0.0629,0.9927866
0.5014020383151361,-0.2368,-1.0274,0.2644,1.1713,-1.4429,-0.5193131611556641,0.3877,1.0608027
0.637581524943859,0.2322,0.2554232663479422,-0.3152,-0.0389,-0.7146,0.89,-0.1593,0.6951826
-0.0953,-0.7271,-1.3556,0.19894999999999996,0.14414999999999994,0.26585,-0.4765,-0.63895,0.9596293
-0.34917500000000007,0.599125,1.367,0.781175,-0.8696,0.022299999999999986,1.4053,-0.4993,0.3390707
1.4269,-0.4798,0.1532,0.8435242213463093,-0.5001915661175069,-1.5417,0.0825,-1.3957,0.7557551
-0.1297,-0.6137,-0.3387,-1.301,-0.2563,-1.5511,-0.7879,-0.8256,0.85150224
1.037,1.5663,0.771,0.8299,-1.412,0.20016003061152426,-1.0119,0.0935,0.6591854
-1.1423,0.621,0.25615,1.2884,0.9264,0.8955,0.17655,0.4637,0.7233608
1.3164,1.0457,-0.63035,-0.7861,-1.1144,-0.15035000000000007,-0.25780000000000003,0.1875,0.4562697
0.7764,-0.3789,-0.6391,-0.14448822263838357,-0.0016,0.7333,0.0098,0.7649,0.90025824
0.906,0.69855,0.7791,-0.37834999999999996,0.7415,-0.95795,0.3155,0.41894999999999993,0.6515014
0.8093,1.5697,0.43758626893565855,-0.9923,1.5697,0.9311,-0.1047,0.9375,0.5950961
0.4455,-0.9680666666666666,-0.4971749999999999,1.1827,-0.2668,1.0525,-0.32785,-0.9428,0.6679391
0.432,-0.2892,-1.1431,-0.4606,-0.0909,-1.3897,0.3748,1.5466,0.84230316
0.075,-1.2070080044691276,0.5871,1.2213,-1.0705,-0.4639,-0.9414,-1.1947,0.5090149
0.8373,0.2618,0.1115,0.6634,-1.5662,-0.8401,-0.8103246763767568,-1.0886,0.6071759
-0.1311206184248349,0.489,-0.1317,0.6545,-0.4961,0.232,1.2662,0.3196,0.61521864
-0.7541,1.5375,0.3134387227554382,0.7239,-0.3601,-1.2495,-0.9603,1.4309,0.68199235
0.3463,-0.11968909475246904,1.2012,1.4388,-1.288,-0.8793,0.8759,-0.8506,0.36087206
0.11405269247777076,-1.3868,0.3773,-0.8911,-0.5925,-1.4122,1.5254,0.3795,0.7161109
0.3811,-0.4245,-0.6949,-0.613,-1.023035951394497,0.5434,0.2213226362429636,0.7338,0.7186674
-0.1276,-0.8215,-0.6108744556137763,0.4078,-0.6131,-1.5565,-1.3783,-1.2453982373695123,0.95998996
1.004,-1.132,0.0576,1.4439,-0.9711,-1.3893,-1.3886,-0.4316,0.59409356
-0.42007572799480264,1.4203,1.5002,0.0847,-0.608,1.3142,-0.4013,0.8795,0.5560652
-0.4314,0.4102,-1.374,-0.017600000000000005,0.2831,1.1072,-0.4411,0.2332,0.8557496
-0.26285000000000003,-1.1665,-0.06540000000000001,0.682075,0.12795000000000004,-0.9779,0.576975,-0.0267,0.8180578
-0.4281,-0.7902,0.05706798707149005,0.7603,-0.7922,0.0993,-0.0197,-0.37350000000000005,0.6936721
-0.3152,-0.7973,-1.3027,-1.32,0.9306,-0.6373,-1.5096,0.2836,1.0259513
0.245925,-0.060750000000000026,0.360925,0.1375,-0.14594999999999997,-0.758,-1.315,0.8548,0.7408971
-0.6071,0.5031167806413659,-0.0631,-0.6346,-0.9142,0.276600833476178,-1.0864,0.6888,0.7062377
-1.2284,-0.6526,-0.7686,0.9875,-0.1629,-0.0966,0.11930632193455502,-1.367,0.8493419
0.733,-1.2393,-0.22252864575761516,-1.0451056447580076,0.3624,-1.4351,-0.7504,0.2332,0.7287386
0.44345,-0.056049999999999996,-0.6384000000000001,-0.8213250000000001,0.6824,1.1164,1.1683,0.8846749999999999,0.9024279
-0.38098551502256045,-1.1107,0.8923,-0.32958547831248824,-0.66,0.7043,-0.7975,0.1519,0.5917134
-0.17682500000000004,-0.287175,1.5328,-0.5118,0.36824999999999997,1.5635,-0.5785499999999999,0.16360000000000002,0.6811425
0.311,-0.3847,0.5400736874878771,0.7515,-1.324,-0.8780643289947733,1.3096,-0.4481,0.49806973
-0.0597,-0.8897,0.4202,-0.2282,-0.6415206349493543,0.7472,-0.8581100765047686,-0.2377,0.64993125
-0.8063,-0.2496,-0.4685,0.04333950170768923,0.7208,-0.9515,0.1444,-1.0268,1.1342486
-0.0646,0.0053,0.9418,-1.0914,-1.3042,0.8076,1.1426,-0.8829,0.52275777
-0.2004,-1.1724999999999999,-1.3614,-1.5661,0.6322,-0.2089,-0.04103333333333329,-1.0196,1.0617825
0.0654,-0.49977182279956134,1.3931,-1.2526,-1.3447,-0.4358,-1.4035,-0.8057,0.5156015
-1.3597,0.6321,1.537,1.2341,-0.5667,0.0421,-0.9984,1.3389,0.5906913
-0.5135,-1.5136,0.61825,-0.08290000000000003,-0.21,1.4285,1.3627,-0.7128,0.53588057
0.1464,0.2792,0.0812,0.7776,0.13874999999999996,0.731775,-0.27385000000000004,0.8547,0.8791731
0.3206,1.313,-0.1651,0.2406,-0.8070996297060513,-0.5019003300672952,1.4628,-0.2882,0.58005893
0.6224,0.01155000000000006,-0.6862,-0.182,-1.0216,0.0385,0.10435,-1.3538,0.65351385
0.1814,1.4671,-0.4525,1.321,-0.3409,0.1535,1.1426,-0.8829,0.6478546
0.2916,0.9513,-0.2867,-0.2553,-0.6918,-1.1549,-0.27916487760894,1.1284,0.76336604
1.2685,-1.4232,-0.9396,-1.3421,-0.2169,1.5526,-0.3485685663183208,1.3175,1.0247455
-0.4281,0.0266,-0.8411899851412526,1.5277,0.7496,0.7213,-1.3212,0.4984,1.0633936
-0.4374,-0.45709976235073096,-0.7742,-0.3975,1.3096,0.1606,-1.4049,-1.0097481812806184,1.129604
-0.289325,-0.09544999999999998,-0.37915,0.4185,-0.1157,-1.1672,0.546775,1.3142,0.9394697
-0.8933,1.5185,-0.28793068951939255,0.2034,-0.6872,-0.7024,0.4158,0.3411,0.7755058
-1.5441,0.04140174119197791,0.9572,-0.20390014629416162,1.4664,-0.1619,0.2128,0.5164,0.73516095
0.1854,-0.7402,0.6359,-0.1982,0.8094,1.1848,0.3147,-1.245399383480007,0.5664938
-0.2212,1.4212,0.8763151613739054,1.1214,-1.3641,1.1436,1.4912,-0.35205000000000003,0.50108397
0.2759,0.3009576174342679,-0.3794289068824897,-0.1734,0.6278642558273996,0.3469,1.4777,-0.0726,0.80335927
-0.3064,-0.3364762664927374,-0.7144,1.2785,-1.1822,1.0775,1.0048,-0.3627,0.7024474
-0.13828980573811905,-0.9558,1.2961,-1.1086,-1.5706,0.8776,-0.5519,-1.2974,0.28180245
1.3293,0.1879,-0.4102,0.7521,0.0766,-0.8813,-0.9557,-1.0538,0.8823588
-0.611375,1.3315,-0.4122,-0.21287500000000004,-0.9294,-1.248,-1.4268,0.4898,0.9621108
-1.4386,-1.1248,0.386,-0.07724999999999993,-0.6069,1.1207,-0.1782,-1.0541999999999998,0.6752559
1.2922,-0.974299427710671,0.5167,-0.1744,-0.245494499950442,-1.0172,-0.8114606509835904,-1.203,0.6268415
0.0091,-0.9680666666666666,-0.549725,1.2694,-0.1804,-0.0616,-0.86445,1.0934,0.93248415
0.7894,0.005150000000000002,-0.16949999999999998,0.16095,1.4108,-0.42595,-0.164,-0.0469,0.86938703
0.8168,0.0879,0.7167,0.7845,-0.6806,1.016,0.5763537973637737,-0.3495,0.40531406
-0.9373,-0.9474,1.0642,-0.2927,-0.16116220506770682,-0.8831,0.0849,-0.6777,0.6382337
-0.7822,0.5095,0.2991,-0.1457,-0.2364,0.3337,1.4261,1.3656,0.5216816
0.2595,-0.04650000000000004,-0.532925,-1.3639,-0.009375000000000022,0.496375,0.2963,-0.09189999999999998,0.91041905
-0.9606,-0.4571,-0.5794,0.5811,-1.5287,0.6385,-1.2322,-1.00975,0.9004307
-0.34864321698266904,1.4129,1.3907,1.2813,0.4555437539259324,-0.1123,0.0915,-0.1538993620855277,0.58735234
-1.1845,0.04222500000000001,-0.15170000000000003,-1.5212,-0.13709999999999997,-0.0968,2.500000000003888e-05,-1.3867,0.9326177
-1.3454,-1.1989,-0.3834051885261933,0.3329,0.0725105064942348,1.2455,0.9034,-0.0629,0.9927866
-1.0356,-1.3881,-0.5744,0.2547,0.5704,1.5005,1.1426,-0.5204,0.77232397
0.19535000000000002,-0.9119333333333334,-0.5137,-0.05756666666666663,1.0096,-0.725,-1.1828,-0.3216,0.9615022
0.6086,-0.6382,0.6993,0.4603225682680451,-0.285,0.0881,1.311,1.512,0.39825833
-0.17223490374601905,1.3928,0.8885,-0.1178,1.2595,-1.5066,-1.3753,-1.1066,0.5671029
-1.2103,0.3328,-0.2525,-0.6527000000000001,-0.6325,0.8573,-0.7620750000000001,-0.09835000000000005,0.71177876
-0.440075,-0.10947499999999999,-1.2899,0.531925,-1.129475,1.509,0.4048,-0.21577499999999994,0.6412743
0.3592,0.5095,1.2022,-1.0406,0.764,0.3337,-1.4685,-0.6866,0.6692998
-0.57175,0.0138,0.08529999999999999,0.5188249999999999,0.0717,0.8461,-1.1876,-1.4334,0.75226456
-1.0581,0.1528,-0.8368,0.18,-1.5403,0.24869922753971113,-1.0452990555236932,-0.3693,0.8096093
0.4359,1.5193,-0.6012,-0.4449,0.8575,1.3996,-0.3409,-1.2453995891413223,0.859044
1.1912,0.7873,0.1573,0.6015865026191183,0.6506,-0.914,1.2846,-1.2929,0.6478818
-0.5326,-0.990625,-0.4224,-0.575125,-0.4625,-0.8578,-0.398575,-0.4844,0.9059701
-1.0149,1.3327,-1.1135,-0.2752,-1.3361,0.24869418696906911,-1.0452788403352031,1.5594,0.92602706
1.5354,1.3653,0.0139,-1.1783,1.3895,0.0042,1.0923,-1.408,0.86424994
0.0638,-0.6757,1.0738,0.7521,1.5225,-0.8813,-1.1978,-0.1955,0.58077365
0.640175,-0.3791,-0.6423749999999999,-0.5442,-0.7152999999999999,-0.62925,-1.0277,0.0051,0.72288644
0.25348624797833674,0.5297,1.5501,0.5815,0.8902,0.176,1.3491,-1.2221,0.3015239
-0.6723978012783757,0.7107,-0.881,0.3788,1.0208,0.9287,0.18875,-0.41177499999999995,0.9491127
0.3473,1.3196,-0.0654,-1.4081,0.6647,-1.0723,1.0838,-0.115,0.9122026
0.08197848749062396,0.6478767863073177,1.1268,-1.4718,0.7929,-0.3582356871220068,0.6053502214156298,0.4768,0.6353383
-0.1214,-0.6059,0.9054,0.34337500000000004,-0.57025,-0.5422,0.5335,-0.6121,0.5983291
1.3,0.1957,-0.1654,-1.2458,0.2979,0.473,-1.0963333333333334,-0.043,0.85993224
0.0157,1.0374,0.1078,-0.3031,0.7551,0.14838871066228437,0.723,0.9741,0.78897226
1.4803,-0.1351,-0.1455,0.9326,1.4326,-1.4922,-0.1792,-0.4912,0.8152765
0.7649,-1.3779,-0.23308856884501009,0.875,0.7887,-0.24598609210571878,-0.4794,-0.7475,0.856755
-0.03560000000000001,-1.0758,0.5704,0.88725,0.0659,0.8833500000000001,0.5248,-1.1282,0.45908797
0.2351,-1.1475,0.2918,0.09750000000000003,-0.65695,0.697525,0.7037,0.48612500000000003,0.6106989
1.2242,-0.045200000000000004,-0.2602,-0.49947499999999995,1.2879,0.3419,-0.7926,0.5100499999999999,0.84108764
1.0019,-1.029883371985035,0.0472042078850193,-1.4276,0.5674006809308425,-1.4371,0.7888,-1.1144,0.7300781
1.3,0.1957,-0.1654,-1.2458,0.2979,0.473,-1.0963333333333334,-0.043,0.85993224
1.2612,0.5095,-0.33925488016619976,-0.7635,-0.9704,0.3337,-0.9386,-1.3348,0.6098004
-0.7306,-0.9926666666666666,-0.3203,-0.6768,0.24009999999999995,-1.4845,-0.852925,1.1476,0.8258081
-0.742,0.26178020611133096,-1.1599,0.0765,-0.0097,1.5658,1.0045,0.8428,0.8554767
-0.6826,-0.2955,-1.1812,1.2382,-0.8071,-0.5019,0.4888,-0.8562,0.7642877
-0.7038,0.4102,-1.374,-0.017600000000000005,-0.9649,0.3179,-0.7967,-0.7485,0.721179
-0.27717499999999995,-0.8135,-0.9934,-0.1547,-0.0878,-1.5445,0.4013,-0.6406499999999999,1.0127865
0.4443,-0.9826256194310808,-0.5708,-0.4664,-0.08200245328212136,-1.5182,-0.7570981516910218,0.2545,0.88921314
0.56135,-1.4935,0.45152499999999995,-0.7385,1.3864,-0.26689999999999997,-0.267175,-0.553,0.74839664
-1.3721,0.546,-0.5093,-0.7752999999999999,-1.0807,-0.171,-0.19355,0.4747,0.6919682
0.5868,-0.7042999999999999,0.6058,-0.2039,0.9771,0.0461,-0.9711,0.7595,0.6310562
1.2079,0.3198,0.8225295526279465,-0.2995,-0.3045,1.4528,0.8299,-0.969,0.49777272
-1.0575,-0.7781774459615467,-1.3017,1.4484,-1.0946,1.1464,0.5468,0.5986,0.71285164
-0.3152,0.9970258394418618,-0.9715,0.6708,0.9306,-0.4361,0.5404,0.6823,1.0181268
0.2906535204767146,1.5644,0.9121,-1.5249,-0.8185,0.9767,1.0582,-0.8855,0.6251757
1.3,0.1957,-0.1654,-1.2458,0.2979,0.473,-1.0963333333333334,-0.043,0.85993224
0.8656,-0.085,0.17777772949131523,0.37167629646311096,1.1628,-0.8028,-0.676,-1.2793,0.83358467
-0.7645,-0.40160021922969563,-0.7207,-0.1274,0.4639,0.9391,-1.0335,0.1795,1.0703706
0.2366,-0.6754,0.806,-1.4081,1.5547,-0.771,-1.3191,-0.115,0.526239
0.532375,0.5332749999999999,-1.5004,-0.46699999999999997,1.4062,-1.3694,-0.11707499999999998,0.4739500000000001,1.0531099
-0.5808044391079731,1.2544,-0.4727,-0.881612406352798,0.8597,1.4077,-1.0956,0.062223459759569104,1.0405316
-0.42315,0.7366,1.1693,-0.41990000000000005,0.6798,1.1158,-0.598,0.4084,0.6299267
-0.26990000000000003,0.624375,0.4768,1.1117,0.1531,0.8044250000000001,-0.8982,-0.20807500000000007,0.6452263
0.2505732511639302,-0.758294263299476,-1.0963,1.1688,0.9966,-1.4523,-0.8204,0.5691,1.1108538
0.0654,-0.49977182279956134,1.3931,-1.2526,-1.3447,-0.4358,-1.4035,-0.8057,0.5156015
0.13555000000000003,0.843,-1.4058,-0.14169999999999996,-0.46170000000000005,0.14040000000000008,-0.3049,-0.2793,0.7062254
-0.9684,-1.5603,0.9104,-1.2458,-0.2694,0.1665,-1.0963333333333332,-0.5816,0.6949953
1.0852,0.7361965726556016,0.287295891932987,-1.2128,0.5415935284463778,1.2671,-1.2659,1.2668,0.6429635
0.17015,-0.9767,1.1438,-0.2252,1.1101,-0.8554499999999999,1.1044,-1.0575,0.542895
-0.4281,1.219,0.4591,0.0427,-0.1953,-0.5829,-1.3867,0.4984,0.72640294
0.777425,0.2893,-0.636825,-1.2612,-1.0519,0.7689,-0.2987,0.5428,0.744053
-0.4281,1.5142,0.0512,-1.3493,-0.1576,-0.7287,0.2129,0.4984,0.83790034
-0.7617,-0.1357,-1.4303,-0.4472,1.0779,-0.3574,-1.0058,-1.2453959175729092,1.1955564
0.0976,-0.0199,0.3288867190900755,-0.1693,1.1823,-0.2308,0.3496,1.1653,0.76763296
0.32210000000000005,-0.25292499999999996,-1.2799,-0.617175,0.9907,-0.4485,-0.7508,-1.3725,1.0599834
0.5298,-1.2381,1.4573,-1.308,-0.8071,-0.5019,1.2987,-0.8248,0.42773944
-0.45366666666666666,0.4955,-0.236,1.0955,0.9842333333333334,0.8462,-1.0232,-0.7778,0.9507686
-0.0476,0.29864999999999997,-0.9027,-0.31116666666666665,0.0328,-0.310325,0.6529,0.8731,0.8615522
-0.257625,-0.07192500000000002,1.3684,-0.3732,0.34419999999999995,1.4455,-0.375425,0.9137,0.56566185
-0.0454,-0.6063,-1.0122,-0.6364,1.2552,0.7442,-0.39374406544515594,-0.6897,1.1387086
-0.6844250000000001,-1.2415,-1.232,-0.3317666666666667,0.8235666666666667,-1.275,-1.1771,0.8992,1.0281779
0.3817368234277801,-0.1588,0.7411,0.0184,0.7311,0.6614,0.5926934123549855,1.3637,0.6418263
-0.3152,-0.7454,-0.0205,-1.0608,0.16569999999999996,0.7841,1.1053,0.5413,0.79159665
0.4817,1.1218,-0.1861478260338642,0.38230775434071024,-1.3149,0.553,-0.1211,-0.3396,0.5301492
0.6337,-1.3591,-0.014318749999999983,-1.047,-0.1802,0.1748,0.5719043520096683,-0.30654148722811886,0.765802
1.3476,0.47,-1.1682,-1.3223296677958483,-1.0452,0.8522,-1.3797,1.2985,0.75114405
0.4562,-0.17465,-0.0656,0.2697,0.03899999999999998,-0.8429,0.208525,1.1866249999999998,0.8641753
-0.7348285484813756,-0.3562,-0.8414,0.635,0.5706,1.056,0.5057,1.3057,1.0311689
-1.4847,-0.9919,-0.7787,0.1463,-1.3641,-0.3962,-0.7518,0.5413,1.0273522
0.597475,-0.015800000000000036,0.30405,0.41220000000000007,0.514775,-0.7772749999999999,1.1426,-0.5204,0.6577387
-0.2371,0.9282,-1.1454,0.2269,-0.2932,1.5222,-1.5337,0.1417,0.97105503
1.3201,0.1164,-1.4599,0.2588,0.312,-1.2926,-0.7452735907066553,-0.0918,0.9879487
1.1878,0.0803,-1.3287,-0.15512280416237215,-1.0122,0.9241,-0.7812,1.5226,0.71712226
-1.404,-0.9926666666666667,0.6329,-0.5556,-0.18560000000000004,-1.1153,-0.7961666666666667,0.5261,0.6365082
-0.3572,-0.11943927152071465,-0.8936,-0.474,0.21205043253366077,0.1877,0.4208,0.9721,0.9605506
1.4713,-0.2354,0.43999999999999995,-0.4252,0.3501,1.2854666666666665,0.6421,1.2745,0.6324825
0.655,0.5095,-0.8092,0.7521,-1.3688,-0.07129999999999999,-1.3947,-0.0573,0.6017427
-1.3679,0.8362,1.3603,-0.3035008154821781,-1.5438,0.6982,1.2163,1.3183,0.41956225
-0.7388,-0.9680666666666666,-0.4971749999999999,0.7215,-0.6158,-1.4226,-0.810225,-0.813,0.9633342
-0.35283333333333333,-1.4888,0.6183,-0.1774,0.16569999999999996,-0.7637,-0.6481,0.51985,0.81850207
-0.4444,-0.8938,-1.5456,-1.1848,-1.2835,0.6733071446799053,-0.7923,-0.5251,1.006672
0.676175,-0.150725,-1.0663,-0.82985,0.6868,1.3021,-0.39147499999999996,0.6299,0.8335631
-0.9726,-1.1658,-0.9771,-0.1558,-0.3104,0.3297,-0.49645000000000006,-0.0908,0.9797369
0.623725,-0.49724999999999997,1.264,-0.5635749999999999,-0.91165,0.2553,-1.418,-0.7899,0.5083183
0.5087,-1.0474,0.3343,-1.4081,-1.4173,-1.1223,0.7058,-0.115,0.6694402
1.1176,-0.2459,0.6134,-1.5095,-0.9636,-1.1921,1.1426,-0.5204,0.56398714
1.0856,-0.9476,-0.8053,0.4962,-1.3257,0.9979,-1.2757,0.1143,0.6303668
-0.3152,-0.0143,0.9777,-1.3305,0.16569999999999996,-0.163,0.7445,0.5413,0.67854035
-0.383725,-1.3793,-0.5468,1.0727,-0.60095,0.5971,-0.244975,1.0689,0.77020746
0.8303,-0.1373,-0.7104,-0.5594,0.2369,0.2487,-1.0453,-0.5108,0.9214847
0.5383,0.5879,0.0766,1.3945,0.1629,-0.0,-0.7978,0.474,0.79870236
1.0914,0.3366,1.0428,1.1223,-1.2206,1.0693,-0.409,-0.0079,0.34540835
1.3802,0.6154,-0.2753,-1.3098,-0.0088,0.2573958207797927,1.282,-1.4252,0.7537881
-0.4144,0.9653,-0.34268628104319276,0.2552,-0.0609,-1.1744,-1.3979,-1.245395896745786,0.8021356
-0.8746499999999999,0.35887499999999994,-0.268225,-1.5015,0.44199999999999995,-0.5991,-0.5,-0.352275,0.91636014
0.3591,0.1151,-0.653,1.0539,-0.23872500000000002,0.1182,0.10200000000000001,0.09755,0.72610545
-0.5365,-0.3796,0.0192,-1.5633,-0.46887667631785074,1.3513,-0.3984471045523448,-0.941,0.69568807
0.8867,-0.4299,-0.0068,-0.4073,-0.9783,-0.0031880960403012264,1.4338,-0.5044,0.5188479
-0.32015000000000005,1.2676,0.9113249999999999,-0.0938,0.5047,-0.059624999999999956,0.1697,-1.4701,0.59655505
0.432,-0.5592,-1.1429,1.4685,0.698,-1.3897,0.0671,-0.7617,1.0075711
0.2009,0.77245,-0.10402499999999998,-1.4081,-0.469175,-0.46645000000000003,-1.22225,-0.115,0.7649176
-0.649,1.2389,1.0385,-0.8180156548972832,0.9505,-0.7626,-0.4061,0.5279,0.60475236
-0.6107,0.5424,-0.0617,-0.0976,0.13760000000000003,-0.6366,-0.4457,-0.898,0.8619857
-0.048924999999999996,0.8478749999999999,-0.8775,-1.4348,-0.87035,-0.08612500000000001,-0.3742,0.0007,0.7248323
1.3551,0.6321,1.537,-0.04333333333333331,1.5539,0.8355,-0.8125,1.3389,0.5259286
0.6314,-0.56145,-0.908,0.4221,1.373,-0.36529999999999996,0.28362500000000007,-0.1932,1.0247874
0.19535000000000002,-0.9119333333333334,-0.5137,-0.05756666666666663,1.0096,-0.725,-1.1828,-0.3216,0.9615022
-0.18089738118137857,-1.5548,0.2519,-0.7239,0.048538888448064685,0.09991941237905723,-1.3433,1.3592,0.8044778
-1.3113,-0.421,1.0199746957298244,0.6556,-1.3640909366274343,1.0945,-1.4344,-0.3022657878818662,0.59529626
0.9712,0.0414,0.7,-0.2039,-0.12037431234351967,-0.4899,1.4655,0.2094,0.5687468
0.3905,0.21567499999999998,-0.25547499999999995,-0.08602500000000002,-1.3641,-0.448675,-0.28867500000000007,0.5413,0.7233348
0.9065,0.147,0.4705301652245866,0.8807,-0.1359,-0.859,0.9729,-0.8922,0.5917828
-0.5127,0.4991,-1.2899,-1.3726,-1.2223,1.509,0.4048,0.7012,0.880454
0.6346,-1.0937,0.1515,-0.7367,-1.3641,-1.3246,1.1426,0.010450000000000015,0.660513
0.8133,-0.52715,0.097225,-0.121775,-0.38753333333333334,0.7574,-0.5759,-1.2566,0.73008406
0.432,-1.505,0.0256,0.713,-0.8378,-1.3897,0.754,0.2663,0.63987213
0.3628062080012579,0.9655,1.1257,-0.5511,0.068,-1.2123,-0.453,1.3095,0.5654473
0.3921,0.8868,-1.3327,1.3836,0.5957,-1.0511,1.3266,-0.5984,0.73361
0.4421,-0.5487,-1.26,-0.3977,-1.5328,-1.3994,0.119,-1.5188,0.7314884
0.10142543011511201,1.1965,-1.0703,-0.7409466281534718,-1.0865,-1.3119,-0.3611628017401281,0.3771,0.6898771
1.3677,0.307,-0.4789007127386604,-1.3869,-1.4754,-1.3716,-1.1985,-1.2454,0.7635264
-1.5295,-1.3027,0.25615,1.1567,-0.3182,0.2761,0.17655,0.7715,0.81068724
-0.3123,0.3802,-0.0293,-1.2458,-0.6169,-0.11270991025381924,-1.0963333333333334,-0.1275,0.70959866
-0.7031,1.1229,0.9637169804418044,-1.1872,-1.3641,0.6687,1.3353,0.5413,0.4741564
0.6924,0.694975,-1.2715,1.4364,0.5816,0.12860000000000002,-1.0237,1.1809,0.9400268
-0.8068,0.043480749673311954,-1.0064,-1.5666,-0.975,0.2487,-1.0453,1.5401,0.59082305
1.258,1.1766,-0.18595,0.3221,1.2399,-1.1293,0.253375,0.27980000000000005,0.8716524
0.6168889866526625,1.2003,-0.30894120276224407,-1.3452,0.7063,1.1345,-1.2338,0.8619,0.8492949
-0.1357,0.9205,-0.3023,-1.4737,1.2916,1.5414,-0.3399,0.9935,0.9090282
1.1833,0.7854,-0.8611333333333334,1.0171,0.14287499999999995,-0.9675749999999999,0.9237,-1.5053,0.85683113
-1.3078,-1.2193,0.404,0.53075,-0.550775,-0.3204,-0.111425,-0.06697500000000003,0.7184858
0.2277,-0.456,1.3171,0.40447500000000003,0.13030000000000003,-1.5335,0.29265,0.04692500000000002,0.5878993
-1.1568,0.6509,-0.9396,0.9088,0.0579,0.59175,1.2485,0.45904999999999996,0.75434107
-0.29867499999999997,0.5467,-0.326,-0.844325,0.484225,0.6665,0.135675,-0.07629999999999998,0.96671134
-1.1583,-1.041,-0.915,-0.16889415452619613,-0.4659,-0.3678,-0.9306,0.7042,0.9374616
0.625,0.0414,-1.3739979047505289,-0.2039,0.0955,0.7981,1.375,-0.4752,0.6845765
0.622397916652172,-1.45,-1.0857,-0.093,0.584,-0.0099,-0.9711,-0.5568,1.1651553
0.9020750000000001,-0.2347,-0.6522749999999999,1.4926,-0.7974,-0.228875,0.49847500000000006,-0.6817,0.4945563
0.818,0.5031169567941961,0.0923,0.3973,-0.5717,0.27659999934455426,-1.5536,-0.074,0.7367131
-0.5332,0.25685,0.4298,0.2741,1.4753,-0.4402,0.2305,-0.4273,0.7902214
-0.7163,0.8341,0.3754,-1.2616,-0.4773,-1.535,0.5128,-1.2454,0.65431064
-0.42809991847768236,-1.2428,-1.5623,-1.4542,-1.503,0.3283,-0.3701,-1.2454,0.9195153
-0.348475,0.6821,-0.04715,0.627125,-0.9922,-1.2905,0.1851,1.1201,0.7453361
0.658,0.324,-1.0809,-1.0898,-0.995,0.2113,-0.9075,1.1147,0.62613726
-0.1722,-0.126525,-0.1059,0.20479999999999998,1.2194,-0.263,0.5502,0.06267499999999998,0.89160824
0.14990645334877822,1.281,-1.0236,-1.479,-1.0267,0.983,1.2938,-1.2009,0.749576
-0.1412,-0.6833,-1.1237,0.2026,1.2388,-0.1652,-1.0429,0.1446,1.21598
-0.9667,-0.422,-0.8576,-0.5754,1.2,0.1378,0.1135,-1.0134,1.2219965
-1.5444,-0.7689,-1.4037,-1.4081,-1.1133,1.0202,-0.1083,-0.115,0.9724655
-1.3054,-0.01633333333333334,0.1154,-0.8252499999999999,-0.595,0.4538,-1.2409,0.5100499999999999,0.66318095
-0.8052,0.13513493120256304,-0.5419,-0.3188,-1.2044,0.9255,0.5767,-0.0875,0.7508572
-0.3307,-0.3477,-0.06522500000000003,0.23385,-1.1092,0.978125,0.0201,0.22924999999999998,0.58253586
1.307,-1.3972,-1.2466,0.7521,0.310220491958833,-0.8813,-0.0779,-1.4329,1.1654104
-1.4237,-0.7137995536366238,-1.3304502007695032,0.4249,-0.14125170445301197,-0.1924,-0.4756,1.4095,0.9940449
-0.271,0.5734,-1.154,1.174,-0.2461,1.1916,-1.3586356831883815,1.4925,0.9867266
-0.4281,1.1311,-1.4303,0.5814,0.735,-0.5112,-0.7968,-0.37350000000000005,1.0393691
-1.1623,0.3789,-0.6348,-0.0032,-1.1974,1.135,0.3693441688325368,-1.1251,0.6297483
-0.1089,-1.0475,0.2302,0.64,1.117298890842664,-1.3655,-0.18099403648287707,-0.4198,0.8113227
0.6662,1.0931,-1.4274,-0.7963,-1.3641,-0.3199,1.1426,0.010450000000000015,0.63494146
0.7419,-0.0317,0.721,-1.2373,0.07526949968757572,0.4227,1.4875,0.6545,0.64770466
1.4664,-0.352475,-0.04289999999999994,-1.5328,-0.447375,-0.448,0.06182499999999999,-0.6834,0.6250555
-0.9557,-1.0305,0.6972,-1.2458,1.4204,0.3083,-1.0963333333333332,0.4895,0.6437792
1.4275,0.2660997982825077,-0.4090066370572149,-0.4614,1.2413,-0.1486,0.846,0.7415,0.9541819
0.0523,-0.4571009554729676,1.1563,1.3598,-1.5145,-1.0546,-0.306,-1.2454,0.41999894
-0.8009,-0.5186,-0.7497,0.2642333333333333,0.9225,-0.6584,-0.0769,0.2119333333333333,1.1880909
-0.36917500000000003,1.4817,-1.5617,-0.41990000000000005,0.9306,-0.7565,-0.7438,-0.2655,0.9268613
0.4422,-0.2387,-1.3752,-1.4339,1.3934,0.6635,1.3746,-1.2479,1.0343258
-1.2036,1.3218,-1.1206,-1.5073,0.6294,0.7931,0.3385,-1.2453995506253344,0.8857043
0.5434,0.3218,-0.5335,-0.565525,1.1737,1.138,-0.7526999999999999,-0.0641,0.8597185
-0.557966532420284,0.2929223080724209,-0.1885,-0.8177,1.4067,0.1609,0.8839,0.3701,0.8494518
0.8341,-0.05584999999999997,-1.444,-0.09114999999999998,0.3455499999999999,0.30289999999999995,-1.2904,-0.819425,0.85602814
1.4631,-1.45,0.0438,-0.011,1.4429,-0.9752,-0.9711,-0.6849,0.7936483
-0.42809929790142875,0.886,-0.0766401025959164,0.2292,1.5656,0.3483,-0.1975,-0.22390550483618527,0.8564511
-0.783,0.3852,1.5328,-0.09050000000000002,0.6809,0.7485666666666666,-0.9895,0.2207,0.69918966
0.2173,0.7444,0.1934,-1.0371,0.3029,0.6474,-0.5364501386977599,1.1291,0.8006152
-0.8659,1.4605,-1.4211,-0.8436,-0.2372,1.2115,-0.5262598980326997,0.7515,0.9406514
0.009260713779808966,-0.4374,0.2273,-0.1284,-0.3127,-0.76,0.994806868026738,-1.4003,0.6344148
-0.3152,-0.2747771005578289,-1.0601,-0.0501,0.9306,0.9752,1.4907,-0.3936,0.84262633
0.4683,-0.7042999999999999,1.0241,-0.985325,0.6582,-1.5598,-1.065025,-0.9234,0.6032096
-1.5203,-0.6849,0.15888835521868916,-0.0642,0.6589,-0.4365,0.691,0.6034,0.914345
0.4144,-1.2075,0.10052043913455412,-0.3146,-1.5303,-0.8391,-0.8795,-1.2453994833362723,0.6700455
0.0213,1.1193,-0.3805,0.1162,0.792922679010715,-0.1624,0.7716100998089664,1.4014,0.93068105
1.5354,-0.6196,0.0139,-1.0486,-0.0294,0.0042,-1.0712,-1.1077,0.71747047
-0.5538185663661167,0.3204,-0.6871,1.3672,-0.226,-0.2348,-0.2655,-1.1332,0.7532856
-0.8607,0.5604,1.5068,0.11327355763192813,1.1685699788034882,-1.1736,-0.1438,0.2939,0.60783887
0.824,0.8426,0.6788,-1.2671,0.1811,-0.6102,-1.1754,-0.8541,0.55482733
1.4663,-0.4570991785857737,0.3106,0.1551,-0.5642,0.7709,-0.1465,-1.0097489147966763,0.61475533
0.9816,-0.8858,-0.21668091998199407,-0.647,0.564,-1.471,-1.3583,-1.2454,0.6444952
-0.3811,-0.9680666666666666,-0.4971749999999999,-1.1379,1.0131,0.3644,-0.537925,-0.6827,1.0846407
0.9291,0.370713148717144,1.3043,-0.3704,-0.35478709006820625,-0.3208,-1.5298,0.8099,0.53796196
-0.7728,1.1382,1.2694,1.3004,-0.8045,1.2923,0.5387,-1.2454,0.27647457
-1.1568,0.6509,-0.9396,0.9088,0.0579,0.59175,1.2485,0.45904999999999996,0.75434107
1.3418,0.0414,-0.0858,-0.2039,-1.4236317135548497,-0.8149,0.8533,-0.4174,0.55071324
-0.8643,1.0474,-1.1157,-0.07724999999999993,-0.6069,0.1982,0.8543,-0.561825,0.7689945
0.621,0.2747,1.5436,0.3665,0.0146,1.516,-0.0819,-0.5813,0.45875952
1.0812,-1.2915,0.7249,0.9409,0.1746,-0.8614719245284461,0.9129,1.5591,0.6129604
-0.1139,-1.3886,-0.1454,-0.20215,-0.6983,0.9979,-1.3584,1.5127,0.71042556
-0.18089738118137857,-1.5548,0.2519,-0.7239,0.048538888448064685,0.09991941237905723,-1.3433,1.3592,0.8044778
-0.486225,-0.1998,-0.4028,-0.6038,0.8235666666666667,0.974,-0.969,-1.3703,1.0169122
-1.4077,-0.639525,0.35324999999999995,-0.3624,0.1211,0.3723,0.5793,-1.0671,0.81536275
0.8854,0.757,-1.0722,0.4086,-1.5682,1.5596,-0.3408786589174643,1.501,0.6902666
0.1426,-1.5003,0.745,-1.4945,0.3336,1.313,-1.1099,1.0676,0.59383184
-1.3423,0.0668,-1.0753,-1.2635,-0.90815,-1.4991,0.80615,-0.45925,0.8033991
0.6393,-0.7765,0.5053749999999999,0.338125,-0.24540000000000003,0.0007749999999999979,-0.7484,0.6916,0.6472594
-0.49105,1.0807,-1.2928,-0.1529,1.1575,0.3814,0.4013,-0.5704,1.000406
0.8288,0.569,-0.6844,0.1033,1.0203,-1.1593,0.6063,0.938,0.89765865
0.0638,-0.6757,1.0738,0.7521,1.5225,-0.8813,-1.1978,-0.1955,0.58077365
0.8178,1.0326,1.1726,0.7521,-0.238,-0.8813,-0.3521,-0.5554,0.58518237
-0.49105,0.9071,-0.5649,-0.5666,0.3201,1.1929,0.26047499999999996,-0.41177499999999995,0.7991347
0.8165,0.6471,0.0825,1.3853,-0.4749,-1.1261,-0.1943,0.704,0.72772986
1.0617,1.1911,0.31909999999999994,1.0202,0.35919999999999996,-0.425975,-0.1094,0.08024999999999996,0.688058
0.013750000000000012,-1.072,-1.0137,-1.0686,1.3311,1.304,-0.1894,-0.033625,1.111964
1.1004,-1.2401,1.4294,-0.6417499999999999,0.1106,-0.5791,-1.0237,-0.054875,0.4871537
-0.802,0.5095,1.0465,0.7521,-1.0042,-0.07129999999999999,-1.1883,1.339,0.65346426
-0.6678,-0.5528,-1.0803,0.239925,-1.269,1.4371,-0.37975000000000003,-0.58035,0.7703701
-0.5516,0.1109,0.1736,-0.54565,0.183725,-1.4242,-0.4269,-0.1554,0.894227
1.4403,-1.5151,0.405725,0.6088,0.56575,-0.98625,-1.1419,0.6159,0.66113347
-1.2014,-0.4679,0.3452,0.9107,0.7606,-1.5045,-0.7056,-1.2453973246681478,0.8242506
-0.5389,0.7424,0.5126000000000001,-1.1236,1.5148,0.19782500000000003,-0.06722499999999998,0.048924999999999996,0.73566747
-0.3813,1.3791,-0.0117,0.9189,1.3676,-0.8175,-1.1386,-1.1563,0.7753358
-1.1224,-0.3466,-0.9314,0.1521,0.5892,-0.8733,1.2988,-1.2174,0.9625812
-0.2633,0.25685,-0.5333,0.2741,0.8077,-0.4402,-1.211,0.211,0.9849743
0.7056575985004633,0.6223,-0.4781341463436338,1.4001,-0.6371,-1.2795,1.3138,1.5684,0.6892184
-1.5513,0.6629,1.1607,1.2962,-1.2173,-0.4369,-0.5551,-0.004,0.6705332
-0.42315,1.5063,-1.4788,-0.41990000000000005,1.0932,-1.1314,0.7726,0.1002,1.0762776
-1.0232,-0.45709972483810013,0.9053,0.2167,-0.6394,-1.2035,1.4647,-1.0097497687973869,0.4529463
1.4296,1.1409,1.1092,-0.27498776254232127,-1.3366,-0.039,1.0044,-1.0416,0.40413418
0.791,-1.5223,-0.9291577805672635,0.696747594278344,0.9869613841004544,1.1696,0.8519,-0.3192,1.0318482
-0.3812,-0.8423,-0.7179,-1.5373,-0.041742438540739925,-1.4263,-1.0878,-0.593,0.75889564
1.2742,-0.0314,-0.122,0.3380875071710436,-1.5403,0.1325,-1.0172,-0.0176,0.50304496
-0.1265,-0.1543,1.4916,-0.055975,1.3649,-1.0357,0.7801,-0.4,0.5345032
1.343,-0.2418081880453587,0.4004,1.3897,-0.006804056755090075,0.5099,-0.2036,0.8147,0.54468876
1.1517,-1.5655,-0.3682933520417616,-0.565525,-0.6953,0.0007,-0.38512372296531017,0.5098,0.8645279
0.246375,-1.2085,0.132,-1.4361,0.4452,-0.12614999999999998,1.1891500000000002,0.28592500000000004,0.9148046
-0.0469,-0.6109,0.023,-0.0842,-0.8071,-0.5019,0.2957,-1.3988,0.7486126
-0.2007,-0.1043,-1.3226,-0.395,-0.8889,-0.3690998674270745,-0.2708,-1.2454,0.74424845
0.4556,-0.10422500000000001,0.17554999999999996,-0.473075,0.129975,-0.18962500000000004,-1.5214,1.1329,0.7486126
-0.1591192940003903,0.6425,-0.8429,1.2415,1.1065,1.3359,1.4824,-1.1762,0.62391794
1.3659,-1.45,1.2297,0.2737,-1.3934,0.1364,-0.9711,0.7492,0.62160224
-0.2989,-0.4570998183406605,-1.1228,1.44,1.0919,-0.0992,-0.6777,-1.0097498411638415,1.183887
-0.7625,-0.0692,0.43999999999999995,-0.161,-1.1198,0.871825,-1.1741,0.856025,0.66453564
-0.417,-1.1409,0.8637,-1.4081,0.7401,-0.5519,-0.5601,-0.115,0.66136914
-0.19519999999999998,-0.5143,-1.137,1.4294,1.1149499999999999,0.0516,0.75825,-0.3762,1.1320269
-1.0563,1.3148,-0.9563,1.1483,1.46,0.7173,-0.5026,-0.6716,1.114737
0.9857,-1.2024,0.7116,-0.9889,-0.9345,-0.5390156894537115,-1.1954,-0.5742,0.43067786
0.4662,0.3239,1.0981,0.7688,-0.0688,-0.0024,0.3828775303857424,-1.3018,0.22749472
0.428,1.1374,1.0694,1.1345,1.5047,0.7082,0.7048,0.2949,0.40721452
-1.231,-0.263,0.3715,0.14182500000000003,0.275775,-0.5039,0.391425,0.6727,0.83813393
-0.1311206184248349,0.489,-0.1317,0.6545,-0.4961,0.232,1.2662,0.3196,0.61521864
-1.2014,-0.4679,0.3452,0.9107,0.7606,-1.5045,-0.7056,-1.2453973246681478,0.8242506
0.9177,-0.5701750000000001,-0.9589,-0.6238,0.1687,-0.429,-0.05987499999999994,-1.014675,0.7490132
1.5059,0.3101,0.3984,0.15730000000000005,0.07395000000000002,-0.8308,-0.0498,0.08867500000000006,0.71029925
0.9485,0.2632,1.1808,-0.8154,-0.2894333333333333,0.40737499999999993,1.094,0.3041,0.47001976
-0.369575,-1.2852,-0.04102499999999998,-0.5841000000000001,0.9915,-0.8809,-0.7197,0.9800500000000001,0.89107215
-0.5274697492760547,-0.9687,0.05848339605177093,0.4464488330354509,-0.9043,-1.0887,0.3469,-1.1339,0.6441099
-0.0521,0.258,-0.8157,-1.0073,0.8028,0.1377,1.5379,1.5444,0.9471661
-0.16282500000000005,0.06897500000000001,0.06272499999999998,-0.6006,0.3685,1.0107,0.5525999999999999,0.6317,0.85535645
-0.5958749999999999,0.008825000000000027,1.5084,0.8942,-0.356,-0.2633,-0.118925,-1.2864,0.3483848
0.7186,0.3122011411489407,1.2091,-0.6731,-0.598,0.3024,-1.5146,1.4403,0.51888293
0.371025,-0.3515,0.16150000000000003,1.5516,-1.5668,-0.4103,0.1546,0.42447500000000005,0.4887737
-0.39763320452902945,-0.6133,0.5811,-0.5459,-0.914,0.2677,-1.5172,-1.3357,0.5275783
-0.6592,-0.3055424089318178,1.2937,0.5248,-0.3641,-0.2382,-1.1442,-1.4188,0.58864623
0.7684,0.1753,-1.1454,-1.3919,0.4106,-0.3353283266585039,-1.5337,-0.7455,0.8488643
0.1044,0.0446,0.3221,-1.2071,-0.567,1.4421,-0.7005,0.994,0.67821926
-0.42810149293733396,0.0079,0.7272,1.4039,0.5735,1.0937,1.2729,-0.22390442212477893,0.31091377
0.4255,0.7691,1.369,0.6382315564201233,0.0932,-0.1821,-0.3218,-1.5558,0.35532758
-1.4066,-1.302,-0.2654,-0.7707,0.6633,1.3453,-0.0953222144633068,1.3814,1.013146
0.7220000000000001,-0.6817,-0.398075,-1.2102,-1.0889,0.2333,1.065925,-1.0525,0.74771875
1.419,1.3497,0.3915,-1.0309,0.6926,0.9211,0.8068,-1.3961,0.4194304
-1.1665,0.2806,-0.609,-0.6527000000000001,-0.4236,-0.159,-0.5366,-0.23903333333333335,0.7664289
-0.096525,-0.21475,-0.2277,0.4021,0.7665000000000002,-0.8226,0.03635000000000005,0.15545000000000003,0.9999653
0.29454223679973623,-0.5064,-1.0248,0.5698,0.0734,-0.9763,0.161,1.4463,0.917869
0.2189,1.3469,0.2802,-0.9336607376361163,1.2091,1.0377,-0.1135,-0.0678,0.7805664
0.08197848749062396,0.6478767863073177,1.1268,-1.4718,0.7929,-0.3582356871220068,0.6053502214156298,0.4768,0.6353383
-1.4714,0.1511,-0.4726,0.1053,1.3278,-1.089,-0.25228812387140204,1.3321,1.0790689
-0.45366666666666666,-0.5417,-1.0719,1.2307,0.9842333333333334,-1.0534,-1.0232,1.5308,1.0087181
0.1933,-0.7042999999999999,-0.8658,-0.985325,0.0433,-1.2034,-1.065025,-0.4641,0.90073365
0.7262,1.0422,0.9347,-0.5419,-0.27199217299887507,0.1007,0.2898315431398568,0.3347,0.5738781
0.12885000000000005,0.7912,-1.5086,-0.8703750000000001,-0.595,0.8756,-0.396425,-1.1822,0.74256647
-0.0555,-1.3108,0.2835196968681578,0.21713661366446702,0.0413,-1.516,-1.4263,-0.3602,0.84771407
-0.2087,-1.0001,0.947,0.9735,0.47934999999999994,-1.3559,-1.4891,0.3882,0.6404755
-0.06845000000000004,0.4073,0.5534,-0.05102499999999996,0.05305000000000004,0.2970000000000001,1.3257,-0.198,0.57765377
0.9971,-0.5106,-0.3427,-0.86615,-0.47315000000000007,-0.0626,-0.41532499999999994,0.8113,0.6285216
-0.4281,-1.4982,0.2729,0.4199,-0.0277,-0.8172,1.1188,-0.37350000000000005,0.64525497
-0.3033,-0.2606,0.6029,1.5166,-0.1549967928430447,-0.5695,0.7957,-0.7861,0.41129422
-1.3723,0.14581487069677845,0.9107,0.404,-0.3079,-0.19643342168459788,0.7882,-0.26208682343165174,0.5289881
0.0815,-1.45,-1.2343,1.5622,-1.3603,-0.4716,-0.9711,0.1445,0.97573537
-0.5538185663661167,0.3204,-0.6871,1.3672,-0.226,-0.2348,-0.2655,-1.1332,0.7532856
-0.66595,-0.2538,0.0798,-0.9966,-1.4918,0.8684,0.9264749999999999,-0.2625,0.62217575
0.2351,-1.1475,0.2918,0.09750000000000003,-0.65695,0.697525,0.7037,0.48612500000000003,0.6106989
-0.214,0.3291,0.7444,0.9863,1.5594,1.3127,0.3875,1.0041,0.42196673
-0.4404,-0.7683,1.294,0.6694,1.4946,0.66,0.5837,-1.2453928941869454,0.3355005
-0.4731,0.4342,1.1605,-1.4048,-1.3641,-0.7052,-1.3064,0.5413,0.4866047
0.1814,1.4671,-0.4525,1.321,-0.3409,0.1535,1.1426,-0.8829,0.6478546
-0.7183,-0.0492,0.1675,-1.0521,1.0845,0.6627,-0.6243,1.2773,0.85802007
-0.4393666666666666,0.8468,0.8845,0.6047333333333333,-0.3762,0.8667,-0.5999333333333333,-0.19103333333333336,0.5731878
-0.4280998541816792,0.7791,-1.0864,0.8575,0.0813,0.1839,-0.5603,-0.2239055558108288,0.7124051
0.4965,-1.2211,-0.07372500000000004,0.6263,0.588475,0.51345,-0.5224,-0.045375,0.8554696
1.5469,-0.6078666666666667,1.4222,-1.4139,-0.6667,0.2087,-0.46069999999999994,-0.5393,0.4633535
-0.9061,-1.4499987874768048,1.4007,1.4642,-0.2862,1.0459,-0.9710985569137184,-1.5404,0.3138666
-0.2147,-0.4103,0.36355,0.93,-0.25995,-0.3558,-0.016225000000000045,-0.06637500000000002,0.65863335
-0.4281,1.1694,-1.4812,-0.2216,1.3015,0.7572,-1.2732,-0.37350000000000005,1.0465859
0.4220617233872243,-1.2627,-1.4541,-0.8649,1.3658,-0.0758,0.0045,1.4962,0.9396926
-0.5473,-0.207,-1.0557,-0.3221,-0.8071,-0.5019,-1.3379,0.3167,0.8340376
1.0883,0.4484,-1.2726,-1.1191,1.0313,0.8039,1.3742,-1.2454000304522068,0.84743404
-1.1653,0.0878,-1.4913,-0.31116666666666665,-0.3275,-0.95435,1.4804,1.4813,0.9503938
1.0377,0.791,-1.5355,0.6952,1.5168,-0.4868,-0.4558,0.3648,1.1351827
-0.0385,0.4419,-0.4927,0.8263,0.6824,0.68255,0.0615,-0.7207,0.7629837
-1.182,-0.6557,-1.037,0.0263,0.2879014810706386,-1.5702,-0.1346,-0.0102,1.0391523
1.4598,-0.6237,0.3562,0.7767,-0.8071,-0.5019,-0.5157,0.5874,0.59697443
0.432,0.264,0.5754,-1.4323,1.3543,-0.5705,-1.0453,-1.3151,0.53041285
-0.0243,1.4599,1.0692,0.1963247477574453,0.0484,0.7065,0.075,-1.1637,0.5506075
1.1475,-0.2981,-0.2110333333333333,-0.1273,0.9329,-1.5526,-0.39353333333333335,-0.5474,0.80668867
-0.707090610355079,-0.46669978789058125,0.2979162821929153,-0.8203,1.5667,0.8891,0.9478,-1.4537,0.5582587
-1.1954,-0.1029724733095933,-0.0587,-1.4902,-1.220113504797458,0.5916,-0.6633,-0.4054,0.6865593
-0.12092499999999998,0.0479,-0.6154250000000001,-0.2809,1.2176999999999998,-0.42489999999999994,0.04105,1.04,1.004214
1.1542,-0.852,-1.324592923687577,0.4233741296692432,-1.3017,0.5004,-0.4144,0.6974,0.78258973
1.0099,-0.0695,-0.1287,0.3231,0.4042,-0.7129,0.4289,-0.5018,0.8178524
1.2795,-1.45,-1.3531,-1.2458,-1.1876,1.3204,-1.065025,-1.0379,0.6501674
0.3434,-1.0394721677640837,-0.3562385783085269,-1.28,-0.2363,-0.8272,-1.0023,-0.616,0.8465471
-0.171975,0.5387500000000001,-0.9005,-0.21542499999999998,-0.4775,1.537,0.4871,-0.04785000000000003,0.7637
-0.1429,-0.5564568409614605,-0.5785,0.2504,-0.053849578700343785,1.2481,-0.3531,1.1005,0.96788865
0.7002,0.2798470861250067,1.04,0.8124,0.0524,1.3861,0.7822,0.6984,0.3509111
-1.4237,-0.7137995536366238,-1.3304502007695032,0.4249,-0.14125170445301197,-0.1924,-0.4756,1.4095,0.9940449
1.0581,0.7642,1.4165,0.55,-0.304,-0.9911,-1.2647,0.3001,0.5609113
-0.07067500000000002,0.464975,0.46265,-0.03642499999999997,0.46787500000000004,0.2487,-1.0453,0.035050000000000026,0.8145832
0.17015,0.6812,0.5819,1.1419,1.2517,-0.4874,-1.0453,-0.2635,0.7168363
1.5077,-0.2387,-1.3752,-1.3286,1.102,0.111,1.0267,-1.2504,1.1329055
-0.8300292791288904,-0.0325,-0.2724,1.1302,0.7718,0.407,-0.1509,0.612,0.922026
-0.101,0.779,-1.374,0.1687,0.8864,1.3876,0.602,0.8333,1.0511991
0.432,-1.4571,0.8145,0.7118,-1.5613,-1.3897,0.3025,-1.483,0.40770516
1.2694,1.1973,0.6396,-0.8212,-1.4413,0.1547,-0.5693,0.1733,0.5074629
-0.304575,-0.4571,-0.01870000000000005,-0.163925,0.02652500000000002,-0.729825,-0.010025000000000006,-0.7741,0.87825936
0.7323,0.0907,-1.1013,-1.2318,0.24257499999999999,-0.533875,-0.23860000000000003,0.4635,0.96497047
0.8065333333333333,0.4025,-0.62305,0.2162,0.2313,-0.9315333333333333,-0.317,-0.1915,0.89001167
-1.1381,-0.9926666666666666,-0.1521,1.1185,-0.18560000000000004,0.6448,-0.7961666666666667,0.8525,0.905332
-1.2607,-0.126525,0.3551,-0.48022499999999996,1.3336,0.4188,-0.793,0.345275,0.8181371
-0.2551,0.5783651468670323,-1.0527,-0.6681,0.6142,0.6427,-0.2852,-0.223,0.8488705
-0.0146,-0.6586,1.0871,-0.9449,-0.1118,1.0534,0.232,-0.2057,0.58534455
-1.311,-0.7637,-0.6713,0.1749,0.571685691848504,-0.3996,-0.3634645891156486,0.7349,1.1232737
-1.0195,0.3014,0.4462,0.7521,0.4031,-0.8813,-1.1312,0.8386,0.78877956
1.5354,-0.26815,0.0139,-0.958075,0.08714999999999998,0.0042,0.7598750000000001,0.015574999999999922,0.8450039
0.3591,0.1151,-0.653,1.0539,-0.23872500000000002,0.1182,0.10200000000000001,0.09755,0.72610545
0.0027,0.09663812602280622,0.8026464289970455,-1.499,-1.024727410641506,-0.6934,0.6113,-0.2744,0.57126194
0.1076,0.8279,-0.9824,-1.3226,0.2083829199019547,0.5213,-0.2237,-0.6997,0.9245887
0.4314,-0.6827377671079372,1.4288,0.1664,-0.05504892075417971,-0.5662,-0.2848,0.07882495155792385,0.48015743
-0.285,1.1002,-0.17036666666666667,0.264,1.0085,0.821,0.253375,0.27980000000000005,0.8881171
-0.0659,0.4308,-0.339,-1.5304,-1.1458,1.2396,-0.6856,-0.8529,0.6371331
-0.7005,1.0768,0.6552,-0.9699,0.43069999999999997,0.13915,0.8197,0.03606666666666669,0.63443017
1.1878,0.0803,-1.3287,-0.15512280416237215,-1.0122,0.9241,-0.7812,1.5226,0.71712226
1.3982,-0.2303,0.1061164628240795,-1.0344,-0.24442572503367568,-0.4237,-0.769,0.2091,0.58891356
-1.5274,0.2235677757293251,-0.4155,0.8017,0.6614,-0.3728,-0.0475,1.4839,0.9258682
-0.5412,-0.7218,1.3534,0.5492246652656835,-1.3306,0.6,0.8716,-1.5339,0.29624355
0.7619,0.8488,1.1593,1.2851,-1.4554,-0.2046,1.1425989187058658,-1.0560261395339916,0.33550367
-0.6345,-0.4571,0.6316488322091376,-1.5393,0.7604,0.0872,0.9815,0.234,0.7301924
0.724,-0.299,-0.2552,0.1531,-1.2133,-0.9396,1.073,0.4959,0.63910186
-0.0714,-1.4939,0.5975,-0.4177,-1.3641,-1.0701,1.1426,0.010450000000000015,0.566861
-0.3152,0.9970258394418618,-0.9715,0.6708,0.9306,-0.4361,0.5404,0.6823,1.0181268
1.0031,-1.3561,-1.4201,0.5985,0.7262,-1.3804,-0.8084838742465568,0.9866,0.92890525
0.5271,0.0414,0.1619,-0.2039,0.743752828586075,0.4699,0.6026,0.4647,0.67059076
0.0660935054830946,-0.0776,1.2931,-1.2232,-0.6361,-0.3957,-0.42034535057557937,0.686,0.54868937
-0.51465,-0.9027,-0.2936,0.40215,-1.1815,1.4144,1.0616,-1.3294,0.7544365
-0.7149,0.44193233318100544,-0.9263,-1.1371,-0.591,0.0093,-0.1652,-1.0364,0.8602408
1.3739,-0.0005,-0.8611333333333334,-0.3013,0.14287499999999995,-0.967575,0.5033,-0.5132,0.881555
-1.5441,0.04140174119197791,0.9572,-0.20390014629416162,1.4664,-0.1619,0.2128,0.5164,0.73516095
0.2959,-0.35655000000000003,1.2415,1.0536,-0.13590000000000005,1.3806,-1.448,0.04686666666666665,0.5893886
0.6224000929251956,-1.45,-1.4269,0.297,0.1105,-1.1161,-0.9711,-1.2748,1.0700365
-0.42315,0.3805,-0.3539,-0.41990000000000005,1.0949,-0.4404,0.3965,-1.4853,0.91297245
-0.9555,-0.617525,0.0438,-0.6146750000000001,-0.764,-0.6207250000000001,-0.501225,-1.2172,0.84134257
1.3143,0.4072,1.096,-1.4297,0.4518797017055916,0.4151,-0.2826,-0.8594,0.5378016
-1.5458,-1.0077,0.8831819632862358,-0.6524825391900896,0.5125,-0.2119,0.2604,0.5531,0.75001097
-0.9649,-1.423,1.0963,-0.7892176785227618,-0.22183927317816649,0.3311,-0.2973,0.5221,0.6059345
-0.6371,-0.469175,1.1699,-0.5736,0.6014,-0.55,0.48382500000000006,0.444625,0.69063747
-0.3993,-0.4424,-0.2467124999122012,-0.8869,-1.3641,0.374,0.2218,-0.35205000000000003,0.6818433
1.3728,-0.6361,1.2446,-0.9098,-1.477,-0.8976,-0.8187,-1.2213,0.43606228
0.4129,0.5095,0.3467,-1.3178,-0.0619,0.3337,0.8479,1.149,0.6062596
0.0981,-1.5686,-1.0475,-0.7889,-0.9335573651784168,1.2161,0.8248959879309613,-0.43307451612660486,1.0134097
-0.4280997101237717,1.5498,1.01,1.5127,0.706,1.4792,1.0049,-1.2454,0.30293483
0.3782,-0.12029999999999999,0.7935,0.3645,-0.5084500000000001,0.4243,1.0666,-0.5957250000000001,0.34153795
-0.4123,-0.3729,-0.2989,-1.2457997784786863,-1.547,-0.2353,-1.0963332077714358,0.3439,0.7101936
-0.8072,0.4606,-0.21103333333333332,-1.3387,0.2887,0.1089,-0.39353333333333335,-1.4005,0.8792793
-0.16537500000000002,-0.6897,0.5273,-0.603275,0.17495,1.0512,1.0039,1.1051,0.67540604
-0.5717500000000001,0.4733,0.08529999999999999,0.5188249999999999,1.197,-1.4546,-0.12,1.0734,0.8098175
0.5345,-1.45,0.7119,-1.1252,1.4662,1.3398,-0.9711,-0.892,0.5707934
0.08987500000000001,0.2991,-0.2289,-0.2387,1.4178,0.472,-0.6690499999999999,-0.9182,0.7706429
1.1022,0.7841999999999999,-0.14585000000000004,-0.9947,0.27622499999999994,0.06902500000000006,0.2078,-0.009025000000000005,0.87282723
0.9407,-0.7504088952806683,0.1691,-0.9632,1.3794,-0.8629,-1.161,0.5326,0.57600164
-0.4281,0.9413,0.3147,0.6257,-0.5188,0.316,0.4439,-0.37350000000000005,0.509992
-1.1484,1.2257,-0.4031272479341018,-0.249,0.3899921652279757,1.4468,-1.1073,-1.3338,0.8276693
-0.6581,-0.9680666666666666,-0.7778999999999999,1.5671,-0.3947,1.0421,-0.8102250000000001,-0.5012,0.7591097
-1.4527,0.1867,-0.1353,0.5722310780964042,0.3155,-0.823,0.9873,1.476,0.91968817
-0.47539999999999993,0.2016,-0.5216,-0.4456,0.851975,-0.5362,0.4202,-0.6812499999999999,0.9956069
-1.0915,0.8558,-0.193035849214704,0.5511,-0.31039968824128544,-0.8996,0.019203559918839184,0.8498,0.83198076
-0.0939,-0.4099,0.07578665726090479,1.36,-1.1371,-1.5241,1.3103,-1.2454,0.62258464
-0.42809991847768236,-1.2428,-1.5623,-1.4542,-1.503,0.3283,-0.3701,-1.2454,0.9195153
-0.44694999999999996,-1.0448,-0.6156250000000001,0.311025,0.553575,1.4984,0.0637,-0.791,0.9634542
-0.09890000000000003,0.1888,-0.20685000000000003,-1.3023,-1.3582,0.4432,-1.1522,-0.09922500000000001,0.59563243
-0.3464,0.0414,-1.5374,-0.2039,-0.2023569749604842,-0.7085,-0.9469,0.1105,0.94888103
1.2075,-0.4298283737530055,0.3642,-1.4902,-0.026114798865846434,1.0295,-1.3285,1.1297,0.4261739
0.31676998876680434,-0.9657,-0.6595,1.3416,-1.2719,0.4052,0.7938539545680509,1.3551,0.6736483
0.17999999999999994,-1.4189333333333334,-0.1189,1.0580500000000002,0.7554,1.1585,-1.0565,-1.3706,0.88374484
-1.0205,1.298,-0.6242,-0.3802,0.972475,-0.61455,0.029774999999999996,0.296425,1.081814
-0.4281,-0.4571,1.4454,-0.0907,-1.0718,-1.2412,-0.4263,-0.5070333333333333,0.5634747
0.6475249999999999,-0.1383,-0.602225,1.0992,0.5523750000000001,-0.09637500000000004,0.35152500000000003,1.2302,0.9210735
-0.23970000000000002,0.5406,1.4371,-0.1046,-0.12630000000000002,0.6071500000000001,0.05874999999999997,1.1381,0.603388
-0.3008,1.1961,1.1795,0.0191,-1.5349,1.275,-0.21892829954819062,0.4763,0.3306238
1.5067,1.077,0.41404620398613384,-0.4475,-0.9903,0.0952,1.5097,-1.2454,0.49138302
1.258,1.1766,-0.18595,0.3221,1.2399,-1.1293,0.253375,0.27980000000000005,0.8716524
-1.4065,0.3583,-0.0218,-0.2332143174424551,1.4531,0.4997,0.7588,-0.6173,0.68822277
1.5597,0.04045,-0.040275000000000005,0.6329,0.29319999999999996,-0.792125,-0.3064,0.3499,0.8286344
-0.1139,-1.3886,-1.4181,-0.20215,-0.2119,1.3856,-1.0172,-0.4258,0.9236301
-1.2836,-0.45430000000000004,-1.11405,0.10414999999999999,0.07812500000000006,-0.032250000000000056,0.5545,-1.1925,0.90776145
1.0115,-0.5592,-0.7196,0.2172,-1.4211,-1.4468,-1.2567,-1.3933,0.9372205
-0.002091681674089483,-0.572,0.8732,0.9818,0.6827,0.1158,-0.6632,1.3179,0.6412398
-1.213,0.6753,-0.33362500000000006,-1.079,-0.06930000000000003,-1.195575,-0.13779999999999998,0.9376,0.7884616
-0.3152,1.152,-0.009,-0.1118,0.9306,0.8438,-1.5589,0.4255,0.9152435
-0.4281,0.9413,0.3147,0.6257,-0.5188,0.316,0.4439,-0.37350000000000005,0.509992
-1.2483,-0.5393,0.9671,-0.4676,-0.0766,-1.2709,-0.24250402315004296,0.1217,0.6071491
0.622395915697451,-1.45,-1.0453,0.0488,1.0404,-0.5499,-0.9711,-1.4389,1.2343997
0.4229,-0.9680666666666666,-0.549725,-0.1068,1.1245,-0.6154,-0.14997499999999997,-1.5217,0.97833794
-0.7544,0.6919,0.08096507082617982,0.024,-0.4364865151906064,-0.3462,1.5573,0.8893,0.71463495
-0.9066,0.5132573253593813,0.5956976839830915,0.6246,-0.3854,0.36731978125858317,-0.2318,0.012,0.5445391
-0.8798,0.4777,-1.2696,-0.6257,0.02394999999999997,-1.0001,-0.607,-0.3938,0.98614335
0.8003,0.8043,0.4557,0.831,1.5422,-0.07205494448548136,0.3341,1.4616,0.64531994
-1.0692,0.1203,-0.20777500000000002,-0.9302,0.5901,-0.15035000000000004,-0.324175,1.2429,0.78943706
0.7441,-0.7354,0.3285,0.7521,-1.0094,-0.8813,-0.3407,0.2667,0.59044087
0.352,0.5725,0.43999999999999995,-0.0197,-1.1815,1.2854666666666665,-0.2005,1.2745,0.4937779
-0.3357,0.9932,-0.3656,0.603022945193955,1.2941910268424566,0.6222,0.7756,-1.0429,0.8513646
-1.1133,-0.5484,1.5542,0.7521,1.1806,-0.8813,-1.5184,0.2816,0.584087
0.8931,0.5726,1.3419,-0.489,-0.6694,0.5005,-1.4971,0.6021,0.53114563
1.4739,-0.2934,-1.1871,1.4934,0.2281,-0.7184,0.9899,0.8418,0.9722136
0.1638,-0.9413,-1.4746,-0.8184,-0.5087479312504484,-1.1785,-0.715900823482946,0.6261,0.8854739
1.5544,-1.45,-0.0632,0.3988,0.248,-0.9489,-0.9711,-0.1807,0.8083618
0.080875,0.08239999999999996,-0.08587499999999998,-0.5888,-1.2289,-0.07805000000000001,0.1911,0.5530999999999999,0.5969707
-0.15355000000000002,0.6607,0.33347499999999997,0.6573,-0.3681,0.15627500000000005,-0.3636,0.5048499999999999,0.66307944
0.061,-0.4703,1.5641,0.0499,0.323,0.5264,0.3345,0.7928,0.55422086
-0.34604999999999997,-0.9028,-0.0039000000000000146,0.15674999999999994,-0.4417,0.7106,-0.08012500000000006,-1.4222,0.720753
-0.9506,0.3566,-0.255889497344023,0.264,0.9137,0.9874,-0.9016,1.5544,0.9613673
-1.1555,1.1405,0.6294,0.5113,-0.0826,1.0297,0.1788278402199745,0.9221,0.48063537
-0.276,-1.158025,-0.0167,1.1229,-0.35472499999999996,0.6299,0.523075,-0.5413,0.58411825
-0.6974,-1.4951,-1.2905,-0.8462,0.981148890076142,-0.3698,-0.30180266172090503,0.7966,1.1746863
0.3634,0.6795,0.2306,-0.7993,-1.4646,0.9814,0.03192500000000004,0.18377500000000002,0.5402831
-0.2809117837077631,-0.25016697335654825,-1.0268,-0.9212,-1.3675,-0.8438,1.2318,1.233,0.906998
0.0912,1.3348525413881491,-1.0121,0.4225,1.0017,-0.223,0.5628,-1.0543,1.064383
0.261575,-0.7256,-0.22260000000000002,0.7818,-1.4023750000000001,0.544575,0.8676,-1.0091,0.5566454
-0.42315,1.4678,0.0095,-0.41990000000000005,-0.1185,-0.3025,1.5006,0.708,0.8168465
-0.4566,0.6679,-1.465,0.1318,-1.0078,-1.2447,0.2216,-1.1082,0.88119
0.1426,-1.5003,0.745,-0.76345,0.09875,1.313,-0.0582,0.016425000000000023,0.6501188
0.6855,-1.4499978341913176,0.7824,0.1657,-0.458,-0.418,-0.9710974265715302,1.2325,0.7063877
-0.39613613134345543,-0.8909,-0.6307,1.378,-0.3557,-1.1484,0.5249,1.2975,0.9090475
-0.4754,-0.3306,1.047,1.5177,-1.153163757509979,-0.3693,-0.1068,1.0948,0.56044245
0.2578,1.4831,-0.3682933520417616,-0.565525,1.2239,-0.3901,-0.45388434483696327,-0.9858,0.9644355
-0.31520017878912954,0.8513,0.9635,-1.1427,0.9306001480628372,0.1566,1.5202,0.9164,0.6429555
1.4625,0.5017523690864887,-0.1218,1.4463,-1.2072,-1.4133,-1.2548,-1.004,0.6598788
0.16370223874903217,-0.508,-0.5979,-1.0547,0.2054,-0.8423044153634746,-0.1385,-0.5016,0.96237344
0.30882499999999996,0.5214,-0.38327500000000003,0.49762500000000004,0.70125,-0.5360750000000001,-0.1164,1.1463,0.8964572
1.5369,0.7716,0.1831942021834474,-1.309,-1.3641,0.0513,1.5288,-0.35205000000000003,0.6505536
0.9685,-1.1087,0.49301365494864785,-0.8238,-1.4123,-0.36275500612336126,1.1939,1.485,0.44622728
-0.2963,-1.0363,-0.5132676105117956,0.0526,-0.4932,0.7737575705376228,0.9536,1.0715,0.8535568
-0.32393333333333335,-0.3402,0.0877,0.7516,0.38389999999999996,-0.9959,0.0121,-0.13945000000000002,0.875952
-0.0337,-0.0672,1.2381,-1.4081,-0.7608,1.1245,-0.8917,-0.115,0.538954
-0.1178,-1.3033,-0.0506,-0.1621,-0.8071,-0.5019,-0.5596,-1.4842,0.7896588
-0.48600000000000004,-0.5526666666666666,0.26686666666666664,0.1537,0.865,-1.4542,-0.1717,-0.3208,0.87120426
-0.4679606691228853,-0.4635,1.1077,-0.5536,-0.3351,-0.1627,-0.748175,0.869,0.59212255
-1.0166,0.0655,-0.288768329771086,0.4233,-1.3396,-0.6489,-1.4425,1.1738,1.0394734
1.1249,1.1472,0.9383,-1.4297,-1.2648,-1.06,1.1426,-0.8829,0.52687114
0.12369999999999998,-0.45439999999999997,-0.796925,1.2536,-0.2283,-0.29907500000000004,0.19842500000000002,-1.4282,0.82273877
-1.2481,0.4884,-1.3583,1.5479,0.3406,-0.8199,-0.0633,1.1699,1.1412559
0.7096,0.49941238632981827,0.9713,0.7166,0.8648,0.486,-0.055,1.3762,0.4318613
-0.9996,-1.0043,-0.3492,-0.9167,1.1575,-0.2836,-0.20171185281169007,-1.3509,1.032491
-1.399,1.568,-0.7548,1.2597,1.3557,0.741,0.6628,-1.2454,0.96381867
0.432,-1.1892,0.986,-1.2892,-1.2577,-0.5705,-1.0453,-0.732,0.4853357
1.5342,0.8506,-0.7176844229873102,-0.2691,0.7628,-0.9212,-0.3561,-0.4236,0.9253831
1.0649,0.5037,1.31,-1.2457999054238635,-1.059,1.2318,-1.0963328421350371,0.1546,0.4466854
1.4234,0.06348574345401257,-1.3016,-0.3912,-0.245,0.802,0.3838,0.844,0.80399275
0.8016,-0.2295,-1.5171,-0.3393,-0.2835,-0.043266666666666655,1.2037666666666667,0.163775,0.75566083
0.43993333333333334,-1.1822,-0.27623333333333333,-1.1975,-1.1699666666666666,-0.6341,1.279,-0.5025,0.65611446
-0.5854055119704076,0.1304,-0.4915364043590444,1.5702,-1.3236,-0.522,-1.4431,1.4189,1.0776138
-0.029266666666666663,1.0122,-0.8509,-0.4502,1.0335,-0.8554499999999999,0.8181,0.4984,0.9833138
-0.366625,0.597625,1.3578,-0.0948,-0.777725,0.19272499999999995,-0.1998,0.1194,0.47082624
-0.5808044391079731,0.9323,-1.2593,-0.881612406352798,-0.702,-1.3081,1.0836,0.062223459759569104,0.82339704
-1.123,-0.9680666666666666,-0.4971749999999999,-1.1748,-1.1833,-1.1341,-0.6865749999999999,1.3316,0.76814044
0.05939999999999996,-0.9981249999999999,-0.7384999999999999,0.727,0.1619,0.7816,0.26702500000000007,0.4322,0.9538852
-0.7806,0.201,0.3069,-1.2144466416076385,-0.2248,0.6787,-1.2137,1.1464,0.6534762
-0.5017,0.173,0.1208,0.8771,-1.3566,1.2286,1.1682,-0.0567,0.3277546
-0.4707,-0.627375,-1.5459,0.2904,-0.9656,0.044849999999999945,0.7396750000000001,-0.43735,0.77183056
0.123,1.4419,0.4514,-1.1547,-0.514,-0.4442,0.1846,0.8044,0.7372726
0.7129,0.3942,-0.7761,0.0216,-0.66,0.6549,0.32535043138466974,0.4763,0.7413864
-1.0397,0.22385571454352715,-0.3091,0.0414,0.4799631325728839,-1.5052,0.1527,-0.3893,0.9944348
-0.81785,0.1821,0.7117,-0.7323999999999999,-0.903,-0.671725,-0.3009,-0.159325,0.5883316
-0.3831,-0.386,1.1423,0.3005,0.3319,-0.30255107649183743,0.3796,-0.5333,0.6223592
1.0455,-0.706944108096646,0.03584799696049623,1.5458,-0.3091240809666667,1.4415,-0.9822,-0.178,0.5823341
0.5271,0.0414,0.1619,-0.2039,0.743752828586075,0.4699,0.6026,0.4647,0.67059076
-0.4452,-0.1068,0.8615,0.7942,0.21122474527024723,0.3822,0.2181973990559806,-0.6541,0.44889238
0.58175,1.1403,-0.5125,0.4321,-0.817,0.005249999999999977,0.20102499999999995,1.1119,0.6378028
-0.2254,1.1843,-1.0834,1.0565,0.1248457222747076,0.8766,-0.24403465682777178,-0.4353,0.75477123
-0.30922499999999997,-0.2234,-0.640875,-0.16667499999999996,1.0696,-1.4192,-0.6886,-0.32420000000000004,1.1066209
-0.3152,1.0754,-1.2256,1.1967,0.9306,-0.2023,-0.4856,-0.0288,1.0113628
-0.42315,1.4059,-0.0668,-0.41990000000000005,1.4675,-1.0615,-1.2866,0.2498,0.6590902
1.5182,-0.6084,-0.5284,-0.1978,0.9914,-1.2586,-0.0887,-1.2453998365502397,0.99011326
-0.7293,-0.126525,-0.0148,-0.19842499999999996,1.0726,-0.7849,0.09,0.05652499999999999,0.9105739
-0.03137499999999996,0.10297499999999998,-0.6818,-0.0642,0.546075,0.6384,0.2776,0.08279999999999998,0.86938566
0.6093500000000001,-0.8576,-1.0845,0.04377499999999995,0.6002,0.7335,-1.169575,0.2398,0.89033943
-0.8675,-1.3091,-1.115,0.7334,-0.46140000000000003,-0.6793999999999999,1.2833,0.45740000000000003,0.9254775
-0.2233,0.8758,0.3004,-0.52095,-0.45885,-0.08809999999999998,1.2013,0.8704249999999999,0.59532684
-0.6844250000000001,0.9651,0.5042,-0.3317666666666667,0.8235666666666667,1.4466,1.4997,-0.8422,0.38349882
0.8990174362378329,-1.03,-1.2569,0.696,-1.454,1.045,-0.8074,1.1557,0.7998495
0.1775,-1.45,-0.3547,1.3549,-0.1491,-1.5623,-0.9711,-0.7258,0.945096
-0.486225,-1.1765,-0.0023,-0.6038,0.8235666666666667,1.0227,-0.274,0.3117,0.9055202
0.41,0.5817,-0.8611333333333334,1.3694,0.14287499999999997,-0.9675750000000001,-0.621,1.5478,0.9515663
-0.0649,0.26394268057615455,0.5258,1.4583,0.8178289033286753,-1.3538,0.3508,-0.9912,0.7774372
0.655,0.5095,-0.8092,0.7521,-1.3688,-0.07129999999999999,-1.3947,-0.0573,0.6017427
-0.5219930159934434,0.6897,-1.4479,1.1983,-1.0311,-0.5203,0.7757,-0.6759,0.7191521
-1.0209,0.5635,-0.2441,0.2104,-1.4206,-0.3691,1.354,-0.3994,0.63152474
0.0394,-0.9680666666666666,-0.549725,-0.6637,-1.5116,0.4793,-0.32785,-1.3805,0.68395025
0.6340185831056717,1.3141,-0.5885,1.473,1.3192,-0.7811,-0.1087,-0.0618,0.96086943
-0.4221,0.041400728824157414,1.0019,-0.20389725402562048,-0.22499607625137458,1.0434,-0.3323,-1.4723,0.38324252
-0.10190000000000002,0.8787,-0.18370000000000003,-0.424925,-0.04047500000000001,-1.4803,0.281125,1.0015,0.8080576
-0.6529,1.3316,0.22081200405674206,-1.1403,-1.0775,1.0559,1.2097,-0.1051,0.6287138
0.0815,-1.45,-1.2343,1.5622,-1.3603,-0.4716,-0.9711,0.1445,0.97573537
1.0375,-0.0954,-0.5,-0.8739,-0.7796,-0.0351,1.1426,-0.5204,0.6297313
-0.22058342443207338,0.7319,-0.671,-1.2403,-1.3793,0.2525,-1.0246,0.7378,0.7423704
-0.487264064147341,0.5404,1.0171,-1.4628,0.9972470685960864,0.6152,-1.023198442256253,0.3445,0.65956044
-1.2656,-0.34027500000000005,-0.031725,1.523,-0.5220250000000001,0.413875,0.1124,0.17327499999999998,0.8580648
-0.2708,-0.9769,-0.0711,-0.7996,-1.5043,-0.45924999999999994,0.794,-0.43612499999999993,0.6876607
-1.0106,-0.9099,-0.9876,-0.6937142400769772,0.7912,-0.5696511474232752,-1.2422,-0.07162599447047638,1.1934069
-0.702,0.5098,-1.3372,-1.4396,1.186,0.0784573692170491,-0.7329,-0.3197,1.1215793
0.2056,0.5029,0.2998,0.7520993007567343,-0.1611,-0.8812985523072501,-0.4377,-0.5095,0.71237624
-1.1289,0.145775,-0.05912500000000004,-0.11189999999999996,1.3731,-0.4617,-0.251,0.6612499999999999,0.87772995
0.04007499999999997,-0.5592,-0.7196,-0.8703750000000001,0.7974749999999999,-1.4468,-0.42575,-1.3933,0.95863163
1.197,0.2849,-0.1367,0.5643,0.6853,-1.0859,1.3951,-1.245399614536448,0.8752106
1.4487,0.1176,-0.1844,1.0597,-0.8285,-0.5967,0.19265606990482828,1.0952,0.62286747
-0.181,-1.1462,0.7742,-0.7203353984088741,0.7986,-1.1823,-1.0994,0.4333,0.6600037
0.5396,1.4812,-1.3391,-0.0874,-1.1008,0.8142,-0.736,-1.2454,0.6248726
0.1919,-0.0969,1.2759,-0.656425,0.3206333333333334,-0.9347,-0.7480500000000001,0.5969,0.5905382
0.3628,0.5292,-0.27416384400688804,-1.3543,1.0433,-0.7797,-0.46322730947335156,0.4376,0.80617565
-0.318,0.3041,-0.7277,1.0316,0.4865,0.6653,-0.32243349707518615,-0.2688,0.83163476
-0.8026,0.2954,-0.8172,-1.2789259299050955,-0.6511876987988252,-0.759,-1.1746,0.7191,0.7633098
-0.3152002076697528,-0.5694653171845606,0.9989,1.1917,0.9305998526346306,0.0954,-0.9127,-0.761,0.6196002
-0.2403,0.0413996219082869,0.4184,-0.2039002851697447,1.0343,0.3086,1.5433,-0.6094,0.59792453
1.1912,0.7873,0.1573,0.6015865026191183,0.6506,-0.914,1.2846,-1.2929,0.6478818
1.2311,-0.2869,-0.08916323004319118,1.347,-0.6205,0.19354956090721007,-0.6985,-1.063,0.5691395
0.6597,-0.2265,-0.0088,0.6488,0.6268,0.3153,-0.8767333333333333,-0.8992,0.82514274
-0.0917,0.2628,-0.3332,0.6693,1.0006,-0.3212,-0.2736,0.5422,0.91534394
-0.39763320452902945,-0.6133,0.5811,-0.5459,-0.914,0.2677,-1.5172,-1.3357,0.5275783
-1.13,1.3189,-0.4831,-0.5489,-0.0377,-0.36910000973641616,0.5932,-0.6446531561662184,0.9871575
-1.5649,0.8568,-0.9385,0.6491,0.0905,1.4955,0.4849786585636502,-0.0691,0.8911038
-0.43183876623694517,1.3451,-1.4425,-0.4385098218832459,-0.1178,-0.8168,0.4971,-1.1219,0.90366113
-0.3152,0.8937,0.5788,-0.2817,0.9306,-0.0409,1.0362,0.4222,0.74318445
1.5392,0.7345,0.6695,0.3984,-0.2809,0.2048,0.4944,0.0469,0.5134898
-0.09693399153704219,1.0221,-0.6575,-1.4472,-0.1396,1.5695,0.5615,0.4295,0.9572936
-0.3561,-0.20785,-0.8612,-0.2039,-1.0797,-1.0075,0.9215,-1.00975,0.8565096
-0.2231,-0.6755,0.1734,-0.495,-0.8356464779774928,1.5567,0.11682868103969109,-0.4205,0.60114056
-0.787075,1.3014,-1.2444,-0.26785,0.4987499999999999,0.7831,0.9271,0.019699999999999995,0.9168152
0.0019500000000000073,0.7423,1.5444,1.2166,1.495,-0.8794,0.1617,-0.3821333333333334,0.568167
0.56545,-0.0258,1.11,-1.5296,-1.0206,-0.21894999999999998,-1.1564,-1.4995,0.3276752
-0.6107,-1.0486,-0.0617,0.6948,0.13760000000000003,0.1829,0.6709,-1.478,0.6876659
-0.7183,-0.40537500000000004,0.04954999999999998,-0.1362,-0.05562500000000001,-1.5506,-0.29322499999999996,-0.6896749999999999,0.90693855
-0.2408,-0.1238,-0.6555568317538865,-0.3043,-0.2924,-0.6378,-1.1197,-1.2454,0.92161334
1.1521,0.2083,-0.1026,0.2186,-0.8070989121783689,-0.5018994724259073,-0.2993,-0.5806,0.686005
-0.9283,1.1724,0.6761,-1.5358,1.5385,-1.1354,-1.2422,-0.9279,0.45683613
-1.2115,0.9411,0.12337188529712634,1.1557,-0.2769,-0.0312,0.081,-1.2453997215815598,0.5803051
0.0019500000000000073,0.47,-0.347,0.5118,-1.5454,-0.8794,1.4927,0.049500000000000016,0.67179734
0.3805,1.1781,0.8332,0.6742,1.4974,0.8976,-0.1464,1.1745,0.5444307
-0.9619,-0.3353,0.43999999999999995,-0.6125,0.6885,1.2854666666666665,-0.8372,0.6445249999999999,0.79640067
-0.4281,0.735,-0.024,-0.9308,0.453,-1.5599,-0.8115,-0.37350000000000005,0.7101313
-0.3322,0.8878,-0.9736,-1.1818,1.0022,0.9919,-0.8906,-1.0876,0.9767347
-0.1015,-0.3038,-1.1031,-1.2458,1.1787,0.3337,-1.0963333333333332,-0.8021,1.1408696
1.3636,-1.4308,-0.13834459207771904,-0.8463,-1.3072,-0.7019799888871672,-0.3072,0.8848,0.6117437
-0.0805,-0.4663,-0.9447,1.0651,1.4667,1.4052,0.707,-0.1015,0.8233314
1.3173,0.8219,-1.3823,1.0584,-0.5693015234728378,-0.7173,1.4255,-0.4486,0.6685452
0.7224,-0.5536,-0.4085,1.0365,-0.1157,-1.1672,-1.1036,1.3142,1.01655
-0.463225,-0.0475,-0.22882500000000003,-0.3462,1.2893,-0.643325,0.32742499999999997,-0.5394,0.9714925
-0.8958,1.1753,-1.4363,-0.7729,-0.4642,-0.1873,1.1426,-0.8829,0.74942833
-0.15555000000000002,0.2918,-0.2894,-0.4504000000000001,0.361,0.961,-0.39642499999999997,-0.6602,0.8706212
0.2579,-0.9926666666666666,-0.74,-1.4384,-0.18560000000000004,-0.0159,-0.7961666666666667,0.0782,0.8743564
1.3551,0.6321,1.537,-0.04333333333333331,1.5539,0.8355,-0.8125,1.3389,0.5259286
0.17015,0.8507,-0.1071,-1.0729,-1.4503,-0.8554499999999999,-0.3516,0.0913,0.61309177
0.2298,-0.2662,-0.3057,-0.4078,-0.5425,0.8795,1.1426,-0.5204,0.7293923
0.57,-0.4427,-0.6861,-1.063744475646581,0.23424198612516933,1.4666,0.3566,-0.0496,0.9013516
-0.58865,1.2614,-0.7295,-0.22540000000000004,1.4326,-0.877575,-0.9489,-0.01362499999999999,1.0390983
0.04175000000000001,-0.230875,1.2903,-1.05345,1.3904,0.831625,-0.1023,-0.2067,0.622466
-0.62175,0.006599999999999995,0.0911,0.9232,0.6815749999999999,-0.8467,-0.9276,-0.34085,0.8687863
1.4485,0.0501,0.3735,0.0638,-0.062350000000000017,0.28773333333333334,0.0615,1.4805,0.58547866
-0.8329129977047894,0.1802,-0.3976,1.2877,0.4381,1.3257,0.0642,0.7558,0.9306486
0.344525,0.9361,0.0908,0.50055,-0.3010999999999999,0.403525,-0.9412,-1.3044,0.65137845
0.5232,-1.4785,0.5004,0.5353,0.9054392580469365,-0.8274,-0.47670662862740887,-1.3178,0.7482459
-0.9942,-0.5967,-0.2679,0.191,-0.7969,0.3558,1.1426,-0.5204,0.6982887
0.3845,-0.12523175861687674,1.5064,-0.5647113398909155,-1.105,-0.7964,0.4772,0.465173429083707,0.544677
0.6632,0.566,0.3543795622104357,1.5438,-0.658,-1.3008,-0.0501,-1.2454,0.37268153
-0.4886,-0.48245000000000005,-0.05445,-0.06565000000000004,0.33005,-0.2818,1.3863,1.55,0.7459823
-1.0805,-1.4314,-0.7102,-1.0107,-0.4033,0.0275,0.3862,1.3725,0.77246386
0.726,1.4268,-0.06284999999999999,-0.060250000000000026,0.3763,1.0142,0.23817500000000005,0.743475,0.6929152
-0.6107,-0.0899,-0.0617,1.1579,0.13760000000000003,-0.7863,-0.7825,-0.4704,0.9075974
0.5221642009201355,1.4557,-0.19753693520911825,0.62,0.5913,-0.5826708193508231,-0.3374289049749472,1.1488,0.88845134
1.3755,0.3431,0.6071,0.5646,-1.2203,-0.2901597384740136,0.2782,0.1131,0.44381887
-0.9912,-0.3698,-0.3328,1.113,-1.1375,-0.066,0.5853,1.2269,0.7433326
0.0019500000000000073,0.7423,1.5444,1.2166,1.495,-0.8794,0.1617,-0.3821333333333334,0.568167
-0.39322940771348175,-1.4607,0.4194,0.4466,-0.4394,1.3048,1.2488,0.6328,0.49673018
-0.1667,0.9915,-0.7710785955685551,0.1627,-0.325,-0.23247525340857841,-1.542,0.1955,0.99848914
0.5034,0.6202,0.9054,0.9433,0.34879999999999994,-0.22499999999999998,0.258,0.8621,0.5252514
-1.0295,0.3494460076478994,1.549,-1.4745,1.0361500905505656,0.908,0.7619,0.2999,0.53750426
1.0997,0.8452,1.3471,0.7521,-0.8686,-0.8813,-0.2623,-0.0305,0.5469693
-1.1267172748112275,0.9736,0.597,0.7556,-1.0422,1.365,0.4955,-0.971,0.37037182
-0.5773,-0.1436666666666667,1.3547,0.4048,-0.0399,0.3053666666666667,-1.0082,1.4491,0.52897584
-0.3152,-0.4869438865209543,1.3088,1.0078,0.9306,-1.5691,1.3889,-1.2398,0.43621105
-0.45849209745445696,0.961,0.9235,-0.32993508872429383,-0.7804,-1.2057,0.4297,0.28890694596660055,0.60561794
0.4921,-0.24134999999999995,0.18649999999999997,-0.7163,-0.6843,0.2825,0.2805,1.1938,0.6401995
0.436,1.3685,0.188,-1.1357,-0.8076,0.9323,-0.5225,-1.0131,0.634591
-0.0193,-0.8602460936943053,1.025,-1.4437,-0.365,0.5333,-0.9956,-0.8687,0.5941702
-1.5003,1.1495,1.0386,-0.4468,0.8642,-1.3859,1.1426,-0.8829,0.5754742
0.6399,-0.2428,0.6537,1.0628731001782328,-0.108,-0.6228,1.4895,-1.356,0.4494196
0.17015,0.604,0.1498,-0.7027,0.2086,-0.8554499999999999,0.7064,-0.28873279560718507,0.73861885
0.8567,0.6928,-0.7150098594448617,-0.4774,0.2618742712090062,0.5369,-1.4309,0.2797,0.8272073
-0.1038,-0.4571,-1.0423,-1.4996,-1.0592,0.1368,0.5258,-1.00975,0.7700337
-0.1028,-0.46055,-0.6663,-0.3254000000000001,0.10492499999999999,-0.3052,-0.5867249999999999,-1.2803,0.91425806
0.7173,1.1621,0.9294,0.4811,-1.4183,1.1643,1.4108,-1.2454,0.26299775
0.0671,-0.15593987303258594,-0.0681,-0.4819,-0.4767676343562344,0.1576,1.2946,-0.2841,0.7022216
0.581975,-0.3821,-0.62305,0.6079,0.4282,-0.77895,-0.5917,-0.795,1.0024573
-0.9606,1.0107,0.4112,-1.2983,-0.7742,1.2643,1.1426,-0.5204,0.47589466
0.2916,0.9513,-0.2867,-0.2553,-0.6918,-1.1549,-0.27916487760894,1.1284,0.76336604
-1.3231,0.8052,-0.1961,0.1337,-1.1493,0.2947,0.0296,-1.2454,0.6025155
-0.27812499999999996,-1.0559,1.1355,0.6074,0.50105,-0.3379,-0.31752499999999995,-0.35424999999999995,0.53484935
0.2599,0.2686,-1.0279999999999998,-1.2718,0.287525,0.40475,-1.2349,-0.4854,0.87637544
1.0012,-0.0745,1.2358,-0.29277500000000006,0.3206333333333334,-1.2062,-1.127525,-0.0461,0.52777076
0.12369999999999998,-0.45439999999999997,-0.796925,1.2536,-0.2283,-0.29907500000000004,0.19842500000000002,-1.4282,0.82273877
-1.0529,-1.1724999999999999,-0.8701,0.7729,0.8298,-1.0079,-0.04103333333333329,-1.0196,1.2283207
-1.3135,0.844,0.7768,-0.9084,-1.3641,0.1249,0.0771,-0.35205000000000003,0.5377248
0.5943025979931997,-0.1673,-0.6973184035937907,0.3721,1.325,-0.6581,1.4198,-1.3876,0.72430354
-0.8563,-0.6132,-0.18672500000000009,-0.46625000000000005,1.4233,-0.4468,-1.0083,0.3925,0.9902573
-0.540075,-1.4902,-0.9305,0.37062500000000004,-0.9054,-1.1704,-0.5935250000000001,-0.061475,1.055619
-1.5365,-1.1341054830505075,0.169,0.1267,-0.30107367291769743,1.4372,-0.9788,-0.0359,0.8179103
-0.3834,0.8583,-0.7301,-1.2458,0.7966,0.7031,-1.0963333333333332,0.177,0.9371718
0.6989,-0.0258,0.12664999999999998,0.510225,-0.21519999999999997,0.9518,0.626625,0.32515,0.55869806
-0.21515,0.599125,0.8213,-0.9444,0.5727,0.5216749999999999,-1.439,-1.1708,0.7527999
-0.4281,0.5378,-0.606,-0.5216,-1.4311,1.2797,0.7794,0.4984,0.72404367
-0.309675,-0.046375,0.7279,-0.09009999999999996,-0.932,-0.5454,-1.2869,0.7732,0.6591162
-0.3152,-1.212,-0.7052,1.3077,0.9306,1.5072,-1.3608,1.091,1.1106528
-1.5206,0.5095,0.6046,1.1154,-1.4089,0.3337,0.942,0.294,0.39180169
-0.9818190715437478,0.4704,-0.4158,-0.9416,0.5233,1.4238,1.5554,-0.5027,0.9618464
-0.9903,-1.45,-0.8807,-1.4266,-0.0076,-1.545,-0.9711,0.8443,0.94334495
-0.4281,1.28,-0.0463,-0.4023,-1.2284,1.412,0.2687,0.4984,0.5185568
-1.0905,-1.45,0.9611,0.061,0.8269,-1.2135,-0.9711,-0.3998,0.59713465
-0.5844,-1.1797,1.5576,-0.3789,0.37889439203255293,1.1716,1.3864,-0.7227,0.34611595
0.098,-0.9028,0.7979,0.1108,-0.9029,0.7106,1.3001,-0.44044999999999995,0.42280054
-0.8648,-0.988,-1.3561,-0.2821,1.4201,-0.5732,-0.6865,0.2589,1.2574675
-0.57175,0.8744,0.08529999999999999,0.518825,-0.5345,-0.9182,0.8434,-1.1924,0.6840841
0.8671,-1.3865,1.3191,1.4284,-1.3023,0.051,-0.5700272359950482,1.1097,0.56945485
-1.504,0.5095,0.8255,0.7521,1.1886,-0.07129999999999999,-0.133,1.2743,0.52363294
-0.3414,1.2779250000000002,-0.42974999999999997,0.41319999999999996,1.0385,-0.36692500000000006,0.05697500000000005,-0.8202,1.0164533
0.32300000000000006,0.05547499999999998,0.3279,-1.4625,0.1164,0.2369,1.3059,-0.182875,0.71890754
0.2017,0.1383,0.1598,0.6173,-1.3641,-0.872,-0.7332,-0.35205000000000003,0.7106978
-0.4015,-0.4572,-1.1344,1.4796,0.1129159855429482,1.1285,1.1096,-0.2345,0.70439506
1.0943,0.2632,0.6389,-0.7155,-0.2894333333333334,0.34252499999999997,0.6069,1.5475,0.59316224
-1.3534,1.1492,0.8605,-0.6386,-1.3863,0.9467,-0.3301,-0.4371,0.5091766
-0.1085,0.055999999999999994,0.0758,-0.6386,0.55255,0.12649999999999995,0.1884,0.00847500000000001,0.857049
1.3469,0.5525,0.4988,0.4218,-0.4769,0.2487,-1.0453,1.2736,0.628608
1.3927,-0.4361,0.9754,0.2231,1.3134,-0.1128,-0.1446,-0.1624,0.5960313
-1.004,0.5095,1.4263,-0.5884,-0.6023,0.3337,-1.2999,-0.5614,0.5400968
-1.2216,0.2274,0.3262,1.0024,-0.6494588471385547,-0.4892,0.096,-1.5318,0.48248574
-0.6834,0.5854,0.7642,-0.2605,0.1978,-1.224,-0.384,-0.1611,0.69187933
0.1302,0.5188,1.2561,0.2556,0.1013,-0.2828,0.304533558481984,-1.2715,0.4081243
-0.3395,-0.4861,0.16673288620598145,0.2225,-0.3988,0.5282,1.3146,0.5647,0.44879556
-0.4996,-0.0783569613523282,0.2991,1.2813,-0.4127604008027762,-0.1079,0.0081,-0.6932,0.6337349
-0.0659,0.4308,-0.339,-1.5304,-1.1458,1.2396,-0.6856,-0.8529,0.6371331
0.1923,-0.667,-0.7207,0.2771,0.11316666666666664,-0.08605,0.8054250000000001,-0.0884,0.86208576
-0.3041,-0.8208,1.569,1.5441,-0.34440000000000004,0.21146666666666666,-0.5547,-1.5079,0.36898533
-0.2141,0.075,-1.3726106765220853,1.262,1.3218107422333882,-1.3551,-1.3593,-0.0043,0.8855954
-1.182,-0.6557,-1.037,0.0263,0.2879014810706386,-1.5702,-0.1346,-0.0102,1.0391523
0.6055,-0.4438,0.9564,0.2885772569807064,-1.2525,-0.1384,-0.3829,1.0665,0.51599187
-0.3152,0.5008,0.3024,1.0942,0.9306,-1.5568,0.5133,0.6812,0.8612106
0.6187,0.322,0.7056,0.7067218158191644,-0.1677,-1.4593,-0.2038,-0.9846,0.5482682
-1.4174,0.6414,0.8613749999999999,0.155025,-0.9415,-0.03234999999999999,0.5941,0.3295,0.579016
-0.606,1.1328,-0.7875,-1.4081,-0.3952,-1.3716,0.812,-0.115,0.7952384
-0.8006,-0.6771,1.2677,0.5608,0.600298630512807,-1.1772,0.79,-0.8811,0.52048016
0.5968,-0.5681,-0.792,0.8636,0.4069,-1.0995,-1.1678,-1.2453996076586131,0.99010056
1.2127,1.3262,-0.44716516608127527,0.2846,-0.431,0.4509,0.1303,-0.636,0.71561456
0.6234303905982236,-0.6814585802194856,-1.248,-0.1239,-0.009,1.2518,-1.0329,-0.155,0.91771364
-0.18295000000000003,-0.5614,-1.1051,0.299425,0.06772499999999998,-1.0076,-0.9442,-0.0361,1.118149
0.317275,1.1863,-0.910975,0.6088,0.04244999999999999,0.5538,0.5434,-0.2035,0.7782858
1.4197,-0.5529,0.8777,0.54,-0.8071,-0.5019,0.238,-0.434,0.58414173
1.1188,0.8329030537984331,-0.6342,1.3215,0.7221032111814387,0.9208,-0.6613,1.2683,0.94290364
-0.621875,0.08615000000000006,-1.5408,0.8518,1.3065499999999999,1.0221,0.6524,-0.334325,0.92363816
-1.0434,-0.36083461190200433,0.8655,0.5267,-1.4057,0.1199,-0.9078,0.0313,0.63362086
1.0796,0.5921,-0.9648,-0.3597,1.1808,0.4908,0.0057,-1.2453989054728747,0.88640195
-0.42315,-0.4919,-0.2222,-0.41990000000000005,1.3263,0.4292,0.0093,1.2525,0.96438754
-0.033134529445039924,0.1897,-1.5448,-0.1573,0.2836,0.2249,-1.2967,0.608,0.9225519
1.3174,-1.1558,-0.177,-1.1432,-1.0389,0.7585,0.0476,0.8096,0.5895161
-0.6488,-1.1693,1.3894,-0.3847,-0.7035,0.6154137992347791,0.3386,0.8455,0.4377828
0.2557,-0.0983,-0.5984,-0.815535744190047,-0.12243501118997237,-0.5669,-0.7908,-0.1786,0.8850262
-0.4281,0.5378,-0.606,-0.5216,-1.4311,1.2797,0.7794,0.4984,0.72404367
0.139,-0.9307556917751659,0.5152916542957099,-0.9295,-0.5361,-1.1213,0.7131,-0.3715,0.6819219
-0.0523,0.8811,-1.5374,-1.2458,0.1522,-1.4306,-1.0963333333333334,0.3048,0.78066486
0.55155,1.025,-0.276475,0.218025,0.7581249999999999,-0.2223,0.6268,-0.904,0.8696119
-0.5274697492760547,-0.9687,0.05848339605177093,0.4464488330354509,-0.9043,-1.0887,0.3469,-1.1339,0.6441099
0.58175,1.1403,-0.5125,0.4321,-0.817,0.005249999999999977,0.20102499999999995,1.1119,0.6378028
1.0883,0.4484,-1.2726,-1.1191,1.0313,0.8039,1.3742,-1.2454000304522068,0.84743404
0.8253,-0.4068,-0.0448,0.2466,-1.3641,-1.2636,-0.4753,0.5413,0.76801485
1.0169,-0.44882500000000003,1.0798,-0.9732,-0.17862500000000003,0.17619999999999994,1.1545,0.139,0.5756028
-1.3995,-1.3401,0.7481,-0.688,1.4399,0.8283,-1.4656,-1.5471,0.5678331
-0.7183,0.29425,0.36845,-1.0521,0.13254999999999997,0.015524999999999997,-0.009775000000000061,0.4461,0.7147807
-1.1298,0.5264,1.1934,-1.4081,0.8697,0.2329,0.1807,-0.4918,0.6357159
0.5337,-0.7825,-1.0787,0.4204,-0.753,-0.7111,0.2608,0.984,0.806002
-0.2435,0.38875,0.42257500000000003,0.136,-0.6648,0.2685,-0.58125,0.141225,0.6504659
1.3293,0.1879,-0.4102,0.7521,0.0766,-0.8813,-0.9557,-1.0538,0.8823588
0.4555,-1.0058,-1.4798,0.2126,1.3386,-1.3825062743531755,-0.0429,-1.5257,1.2253307
0.5975,0.5353,1.449,-0.4654,0.7687,0.7622921735288061,1.1007,-0.5077,0.36083606
0.43993333333333334,-1.1822,-0.27623333333333333,-1.1975,-1.1699666666666666,-0.6341,1.279,-0.5025,0.65611446
-0.486225,-1.1765,-0.0023,-0.6038,0.8235666666666667,1.0227,-0.274,0.3117,0.9055202
1.3636,-1.4308,-0.13834459207771904,-0.8463,-1.3072,-0.7019799888871672,-0.3072,0.8848,0.6117437
-0.0194,0.2632,-1.0269,-1.0964,-0.2894333333333334,0.699475,0.0617,-0.7589,0.77838683
0.5034,0.6202,0.9054,0.9433,0.34879999999999994,-0.22499999999999998,0.258,0.8621,0.5252514
0.4341,-0.0114,0.02117229877270581,0.20714461153323982,0.6581551918838453,-0.5608,0.6592,-0.1861,0.7967052
0.805,-0.2664,-1.0165,-0.6984,-0.4993490689654331,-0.6611,0.7373139300711731,-0.4869,0.80742586
-1.3102,-0.8374,0.04494999999999999,0.84,-0.1898,1.0561250000000002,-0.316225,0.488475,0.82634926
0.623375,0.27425,0.745,0.42805000000000004,0.9098499999999999,-0.45145,0.6127,-0.16812499999999997,0.57746446
-1.5066,-1.3717,0.10007145965142185,-0.5501,0.02436970643704548,0.7421,-0.1404,0.8353,0.9701964
0.3782,-0.12029999999999999,0.7935,0.3645,-0.5084500000000001,0.4243,1.0666,-0.5957250000000001,0.34153795
0.17015,0.9377,-1.2853,0.3988,0.5641,-0.4874,-1.0453,-1.4409,0.92259234
-0.154,-1.2532,0.8186,-0.9477,-0.9335492244281747,-1.4301,0.8248851566764624,-0.43307451612660486,0.5472681
-1.2989,0.29703388723731106,0.056724681340003504,-0.4807,0.9672,0.6267,0.7513,0.6807,0.84404737
1.5311,-1.3722,0.5462,-0.6708,0.9206,-1.2464,0.3807,-1.2453996084052548,0.586646
0.10609999999999999,0.0277,0.4917,0.08597500000000002,-0.21174999999999994,-0.807075,-1.4725,-0.7545,0.70651245
-0.9057,1.0158,-0.1525,0.4787,-0.2843,1.4343,-0.2856,0.3066,0.69717246
1.2523,-0.1788,0.405049183192906,0.1059,0.6491,1.1897,0.1738,1.0945,0.76690733
0.9237,0.4088,-0.4293,0.9895,-1.3641,0.0033,-0.814,0.5413,0.7696765
-1.2224,-0.3945,-0.6719,-1.0507,-0.05579941553697469,0.5654,0.2509,0.6998,0.9716123
-0.8551,-0.45710096461550376,0.353,0.6411,1.1708,-0.5528,-1.0622,-1.0097493904326145,0.88063115
0.9013,-0.7704,-1.526,0.6514,-0.3987,-0.10136159014699764,-0.9071,-1.2705,0.7191475
-0.3152003574005646,-0.34664504653133754,-1.1207,-0.1466,0.9305983088131539,-1.4657,0.8952,0.8891,1.1465136
-0.2824,-1.0416,1.0274,0.6189,0.0985,0.011438563921967338,-0.1369,-0.5256,0.45999506
-0.3971578274008008,-0.0399,-0.5462,-0.0489,0.7124,0.086,-0.8634,-1.3607,0.903203
-0.1069,0.816,0.4070186617618279,1.505,-1.1382,-0.08459157335830642,-1.0704,0.6645,0.6500924
-0.4281,-0.5103,1.4902,-0.8524,1.0482,0.2192,0.7927,0.4984,0.63143677
0.9653,0.5095,1.0375,0.6752,0.2231,0.3337,-1.235,0.3035,0.6349519
0.3599,-0.5575749999999999,-0.021525000000000002,-1.0019,0.9771,1.4455,1.276525,0.0394,0.80969304
1.373,0.6976,-1.4989,1.2382,0.12938504165353917,0.1623,1.3893,-0.5855,0.6898182
-0.4715250000000001,-0.25039999999999996,0.875775,1.063,0.2134,-1.5267,0.7793,0.48144999999999993,0.5796531
-0.3464,0.04139957174051377,-0.5583,-0.20389940306256624,1.2686,0.0422,-1.4273,0.977,1.052155
-0.3711,-0.2393,-1.3681308819644276,0.5312,-0.6002,-0.4804,-0.8442,-1.2454,0.9192158
-0.3152,0.2643654244997343,0.1681,-0.3234,0.9306,0.8232,0.8412,1.3336,0.6200103
0.24832500000000002,0.8774,-0.91565,1.083,0.1001,-0.66275,-0.8426,1.4288,1.005364
0.5518641631430435,-1.4059,-0.6873766396640846,0.4031,0.9188,-0.8958658085518411,0.626,0.8631,0.9378181
-0.42315,1.4678,0.0095,-0.41990000000000005,-0.1185,-0.3025,1.5006,0.708,0.8168465
1.3255,0.1626,0.0001,-1.286375,1.3489,-1.1437,-0.27070000000000005,0.4747,0.68536454
-0.1265,-0.4843,-1.0753,-0.14665000000000006,1.3801,-0.83615,-0.6857,-0.9088,1.1887048
-1.5652,-0.4570996200670146,1.3592,-1.2328,0.1125,-1.4018,-1.5654,-1.2454,0.55499095
-0.49105,-0.3166,0.0984,0.4712,0.6457,-0.8938,0.9264749999999999,-1.0539749999999999,0.748891
0.658,0.324,-1.0809,-1.0898,-0.995,0.2113,-0.9075,1.1147,0.62613726
-0.3591,-1.5513,0.8056,0.15516666666666665,-1.2347,-0.7363999999999999,-0.7218,0.5424,0.71818256
-0.25907500000000006,-0.4407,0.95425,0.4716,0.3045,1.5418,1.4851,0.9020250000000001,0.42598543
0.5935,0.1109,0.7576,-1.4081,-0.3272,-1.3281,0.2659,-0.4918,0.519687
-1.513,0.09896067884683392,-0.0006249999999999936,0.1757,-0.5841477098305262,0.31874912581610787,-1.0346,-0.9582,0.7753762
1.497,1.4338,1.3663,0.7678,1.4281,-1.1765,-1.4942,-0.306,0.41801906
0.4978393908081096,0.28,0.9753,-0.0363,-1.3597,-0.9266,-0.0792249896587613,-0.3939,0.586715
-0.2626,-1.3605,-0.4625,0.39842029488690184,0.4030757775794991,-0.7869,0.566,1.4918,1.0054584
-0.05101719288988145,-0.9693,0.8829190544441518,0.0685,0.6821,-0.3245,0.731,0.1378,0.5267671
-0.4281,0.4138,-0.8516,0.6474,0.3736,1.4491,0.5904,0.4984,0.84424525
-0.21691652425723554,-1.0119,0.3267,1.5049,-0.087,1.4412,-0.3089,0.9997,0.6061926
-0.6107,0.529,-0.0617,0.8709,0.13760000000000003,-0.027,0.2876,-0.4771,0.65139216
0.5469,0.3077,-1.4,1.1833,-1.3641,1.3514,-0.1902,0.5413,0.57644314
0.35259938744977976,1.5255,1.4103,-0.5455,0.9103,-0.4449,0.44320139577322903,-0.8652,0.6413704
-0.8517,-0.0019750000000000306,0.7284,-0.210125,-0.10460000000000005,1.1427,-0.8839250000000001,0.7844,0.6973242
0.4217,0.7092,-1.3191,0.14405,0.7045666666666666,0.7981750000000001,0.8234,0.4319,0.892094
-0.1355,-1.5309,1.3764,0.9433,0.34879999999999994,-0.22499999999999998,-1.3459,-0.1955,0.68709564
0.56545,-0.0258,1.11,-1.5296,-1.0206,-0.21894999999999998,-1.1564,-1.4995,0.3276752
-0.17682500000000004,-0.287175,1.5328,-0.5118,0.36824999999999997,1.5635,-0.5785499999999999,0.16360000000000002,0.6811425
0.9865,-1.1908,0.6981,0.5335,-0.7561488320790027,0.6783,0.6939952127893703,-0.6158166666666668,0.35189638
-0.5036499999999999,0.0257,0.7714,-0.8063499999999999,0.081,-0.6195,-0.29635,0.4265249999999999,0.6759806
-0.05101719288988145,-0.9693,0.8829190544441518,0.0685,0.6821,-0.3245,0.731,0.1378,0.5267671
-1.2903,-0.5505,0.4659,-1.4541,-0.8029,1.5171,-1.5691,0.7349,0.53584206
1.5263,0.7992,-0.1603,0.8608,-1.3218,-0.7385,-0.2466,-1.5553,0.50953203
-0.9663,0.4367,0.7093,1.2608,-1.3641,1.3037,0.3673,-0.35205000000000003,0.3414826
0.487,1.2316,0.3239,0.3969,0.21645,-0.8652,0.7206250000000001,0.208275,0.7281632
0.581975,-0.3866,-0.62305,-0.5554,0.2899,-0.77895,0.9998,-0.0083,0.8931959
0.2298,-0.2662,-0.3057,-0.4078,-0.5425,0.8795,1.1426,-0.5204,0.7293923
-1.3479,0.4333,-0.039,0.3932,0.4415,0.2486996898518055,-1.0452980426587088,1.1201,0.8034515
0.614,0.4723,-1.5245,-0.6943,-0.35223761791954067,0.0009,-0.5949,-0.399,0.83050436
-0.6335,0.2686,-1.0279999999999998,-1.4842,0.287525,-0.15207500000000002,0.2953,1.033,0.9789377
-0.1724,-0.14201449425345603,-1.3179,1.2469,-0.7762,-0.5095,-1.4611,1.1608,0.95781183
-0.9341,0.6672,-0.4767,0.3034,-0.5602150141363836,1.5562,0.9398069689138221,0.5308,0.80956876
-1.1156492854964277,-1.5661,-1.3669,1.4216,-0.0308,0.5846,0.5789,-0.9658,0.89922327
1.4197,-0.5529,0.8777,0.54,-0.8071,-0.5019,0.238,-0.434,0.58414173
-0.02926666666666668,-1.4406,0.6336,-0.6779,-1.1525,-0.6933333333333334,0.3727,-0.3821333333333334,0.62671787
0.5835,1.0959,-0.6243986587309489,0.0102,1.2142,0.3028,1.36,-1.2453991947428689,0.7351209
1.2584,0.075,-0.1165764061653467,1.1512,0.2448,-0.425,-0.2696024313844201,1.5521,0.85517406
0.0937940147397779,-1.2152,0.4337,0.5258,1.2909,-0.4259,-1.3661,-0.9791,0.8341564
-0.7438,0.779,-1.374,0.1687,-1.1085,-1.4097,1.362,0.9441,0.87887794
-1.0194,1.4987,1.1298,-1.1155,0.1358,1.1519,0.1975,1.253,0.6118965
0.08886398179605765,-1.3525,-1.4779,0.1391,-0.3221,-0.5355,-0.8921650313547873,0.4778,1.178661
1.1267,-0.7333,0.9905,1.1925,1.1434,-1.5337,1.1875,-1.2454,0.3972881
-0.42422499999999996,0.9725,0.81,0.24105000000000001,-0.6004499999999998,-0.26149999999999995,1.4197,0.6537,0.48871413
-0.2096,-0.452,0.35778702841899956,0.7152683248991211,-1.0077,0.5005,-1.3334,1.3401,0.7653592
-1.3963,-0.324,0.5729,-0.14162499999999995,-1.0988,0.9173,-0.7620750000000001,-0.20802500000000002,0.5866878
0.476,-0.1241,-0.4729,-0.2192,1.2795,-0.3691,-0.8769,-0.8224,0.9766842
0.3779,-0.4263,-0.17165,0.0393,-0.022,-0.7034666666666668,-0.117975,-0.7247,0.8701435
0.487,0.2564594220149425,-0.6881,1.2068,1.0414,0.8963,-0.4207,0.5042,0.88781273
-0.7091,-0.5656,-0.9771,0.0793,-0.3104,0.376,-0.49645000000000006,0.527,1.0161543
-0.5354,0.04399999999999993,0.4766,0.9003,0.5435749999999999,0.7446750000000001,0.4321,-0.8931,0.51782495
0.47725091404472453,-0.4054,0.4701,0.7756,1.5133,-1.5697,0.2268806679426985,0.611,0.85552603
-0.128,1.5347,-0.5439,0.2123,-1.1122,-0.2514,-0.1958,0.1884,0.66476566
-0.8028250000000001,0.33535000000000004,0.2937,-0.41277499999999995,1.4033,-1.1258,-0.5474,-0.027025000000000007,0.85986954
-0.9736,-0.1244,0.36199999999999993,-0.804175,-0.1673,-0.9965,-0.8699,0.6470749999999998,0.6888523
0.2051,-1.1472,-0.7566,-1.4416,-1.0321,0.2108,0.032,0.8136,0.7804895
-0.2567,-0.032850000000000046,-0.7962,0.8857,0.5379,-0.7358,1.3876,-0.20040000000000002,0.8020733
-1.4171,-0.3091,-0.7499,1.2672,-0.0788,1.4993,0.5153,-0.6234,0.86232775
-0.5408,0.2058,-1.1454,-0.5655249999999999,-0.113,1.2345,-1.5337,0.8376,0.99084413
-1.4432,-0.9680654872055825,-0.48155045780646655,1.152,-0.8893,-0.151,-0.24203211128036015,0.8009,0.8283826
-1.231,-0.263,0.3715,0.8352,1.1971,-1.4806,-1.207,1.5382,0.64555687
0.1670068441889058,-0.4269,-0.2814,-1.3246,1.3423,-0.397552805528146,-1.0452983161235276,0.3456,0.9109104
-0.2748,0.08728848863731431,0.33072940803702827,0.5323,-1.3671,1.1565,-0.3431,-0.5845841768658485,0.47124776
-0.3492,-1.1791,-0.20777500000000002,-0.0907,-1.2801,-0.15035000000000007,-0.10609999999999999,-0.3978,0.6173086
-0.2735,0.239825,-0.2959,-0.6466749999999999,-1.4583,1.5643,0.41915,-0.055525000000000005,0.7650444
-0.4281,0.9413,0.3147,0.6257,-0.5188,0.316,0.4439,-0.37350000000000005,0.509992
-0.15555000000000002,1.1598,0.5123,-0.5068250000000001,0.8282,-0.8863,-0.39642499999999997,0.7123,0.6738465
-1.2595,-0.412,-0.18595,1.5319,0.4983,-1.164,-0.009499999999999995,0.27980000000000005,1.088929
-0.3152,-1.212,-0.7052,1.3077,0.9306,1.5072,-1.3608,1.091,1.1106528
-1.0752,1.4475,-0.3682933520417616,-0.565525,0.8109,-1.4624,-0.30350669188434287,-0.5406,0.98984957
-0.5277,-1.0105,1.1975182623906175,-0.5292,0.8285,1.0081,-0.9175,1.4435,0.55925566
0.17015,-0.8291,-0.5639,-0.6072,-0.8765,-0.8554499999999999,1.3379,0.6188,0.75252634
-0.629275,0.848675,-0.9396,-1.0225250000000001,-0.02812500000000001,1.5526,0.201625,1.3175,0.8896889
-1.042,0.2586,0.7192,0.5773,-0.0742,0.1722,-1.2609,-1.2453996820178626,0.41919395
0.5654,1.1767,0.9718,-0.1709,-0.10675150588828616,0.33634732407011797,0.022688069315154557,0.2079,0.5952833
0.1986,1.3782,-0.8437,0.8124,-0.0202,-1.2057,0.8474377506427313,-1.3982,0.8529125
0.0856,0.5417,-0.2323,0.6568205560146272,0.7358,0.3514,-0.4107,0.5567,0.89776665
-0.4281035923712025,0.7665,-0.12387859142425173,-1.192,-1.5395,-1.2412,-0.4679,-0.22390489834562557,0.6287042
-0.3298,-1.4814,-0.052799999999999986,-0.16562499999999997,-1.3922,-0.9539,0.266825,1.338125,0.72000617
-1.0122,0.5554,0.8349,-0.7907,-1.3641,0.7032,-0.1148,0.5413,0.47911662
-0.44956666666666667,1.2011,1.0163,-1.0521,0.9306,0.7658,-0.1655,-0.358,0.6077698
0.6773,1.2494,0.7017,0.0007,0.9338,-1.1757,1.0714,-1.2454,0.50072134
0.7486,0.15446055797644873,-0.8747,-0.4676,0.7509,-1.543,1.3016,-0.0938,0.84476835
-0.7448,-1.4077,-0.6895,1.1634,-1.0508,1.2761,0.299,-1.3336,0.71717304
0.7365,0.03897500000000004,-0.5259,0.7342,0.2398,-0.26805,1.3172,-0.38465,0.78348076
0.0353,-1.0461,0.16340233180970912,-1.0927,-1.3641,-0.7779,0.1137,-0.35205000000000003,0.7042932
-0.3711,-0.2393,-1.3681308819644276,0.5312,-0.6002,-0.4804,-0.8442,-1.2454,0.9192158
-0.36665,1.1982,-0.4241,-0.66205,-1.0831,0.5685,1.2835,0.551825,0.7360076
0.4741,0.7103925487815793,-0.8246,-1.5404,1.2613,-1.3707,0.2472,-1.0273,1.0168974
-1.2356,0.7602,0.5141,-0.9898,-1.3640971881632344,-1.1018,-1.4815,-1.2454,0.47030738
1.2682,1.3472,-1.1175,0.0349,1.2829,-0.1663,-0.0697,-0.9298,0.9235859
0.6631,0.010175000000000073,-0.3963,-0.5082000000000001,0.889,1.1714,-0.33065,-1.5288,0.8638269
0.2104,1.5517,0.9145,1.1132,-1.1064,-0.3691,-0.568,-0.3994,0.5911117
0.379,0.4970970232658806,0.119,-0.5325,-0.7107,0.222766260354593,-0.9648,0.3324,0.5950076
0.438975,-1.232975,-1.0251,-0.7046250000000001,0.8534,1.2618,-0.10185000000000005,-0.9589,0.9519918
-1.4119,1.144,-0.21103333333333332,1.082,-0.0661,-0.6539,-0.39353333333333335,1.2421,0.90122277
0.5053,1.3688,-1.4993,1.3282,-0.7035,1.0829,0.08126723362749436,0.1949,0.6027107
-1.2377,1.4594,0.3783,0.5085,0.0332,-0.3691,-0.0664,-0.8224,0.7580064
1.3755,0.3431,0.6071,0.5646,-1.2203,-0.2901597384740136,0.2782,0.1131,0.44381887
0.0287,-1.3181,0.2866434211427703,-1.2762,-1.2073370084014268,-0.6416,0.9923,-1.2877,0.64865303
0.5396,1.4812,-1.3391,-0.0874,-1.1008,0.8142,-0.736,-1.2454,0.6248726
-0.7183,0.1006,0.7773,-1.0521,-0.417,0.3741,0.2461,-0.1589,0.61320156
-0.9726,-1.1658,-0.9771,-0.1558,-0.3104,0.3297,-0.49645000000000006,-0.0908,0.9797369
0.5421,-1.1605,-1.2646,-1.1627659002836992,-0.14423110863856695,-1.0227,-1.1722,-0.4342,0.9257671
0.3984,-0.0825790857026194,1.2539,1.0794,-0.42470221904613203,0.5368,-0.1644,-0.5772,0.42524192
1.2345,-0.3248015384690701,0.0446,1.5213,-0.0587,1.0224,-1.1288,1.409,0.84834373
1.4975,-1.5164,1.0751,-0.2941,-0.8070984168298385,-0.5018982225554065,1.2712,0.1009,0.6016492
-0.0883,-0.1771,0.6165,0.7521,-0.0311,-0.8813,1.4597,1.4993,0.6463967
-0.6837,0.25685,0.1334,0.2741,0.7441,-0.4402,-0.9942,-0.2518,0.8677084
-0.9372,0.5095,-1.3898,-0.0005,-0.8593,0.3337,0.3085,-1.218,0.7177379
-0.4754,-0.3306,1.047,1.5177,-1.153163757509979,-0.3693,-0.1068,1.0948,0.56044245
-0.856,0.0873,-0.21103333333333332,1.4004,0.5671,0.312,-0.39353333333333335,0.729,0.91644615
0.568325,-0.3804,0.3431,-0.3677,-1.4729,-0.11274999999999999,0.75885,-0.48245,0.5019821
-0.2411,0.4986,0.6828,-0.6283,0.9866,-0.083,0.8817,-1.2454,0.6825173
-0.8781,0.4453,0.7738,-1.309725,-1.0427,-0.14832499999999998,-0.616725,0.3661,0.5058284
0.3663,-0.14305517543576218,-0.7132,-0.6334,0.8829,0.2527,0.1669,0.6405,0.9718197
-1.2766,-1.1444,-1.5029,-1.0691,-1.3911,0.6322,-0.2628,1.2478,0.82027036
0.17015,0.8507,-0.1071,-1.0729,-1.4503,-0.8554499999999999,-0.3516,0.0913,0.61309177
1.2948,0.3618,0.3789,1.3484,-1.25,-0.23886911459224044,-1.5204,-0.0302,0.5479999
-0.3289,1.4804,-0.2731,-1.2458,1.3448,-0.2604,-1.0963333333333332,-0.6491,0.92842436
0.15149268253006193,-0.3653,-1.4254,-0.3977,0.5011,-0.3718,-1.1302693769171401,1.0745,0.93614537
-0.128,-0.2738,0.8431,0.2123,0.9979,1.1288,1.5336,-0.0214,0.59939945
-0.036,-0.4303,-0.2110333333333333,1.3908,-1.397,0.0403,-0.39353333333333335,-1.5247,0.51282835
1.4456,-0.6587,0.9752,0.17622499999999997,-1.0771,0.5942,1.3837,0.0467,0.41642955
-0.8958,1.1753,-1.4363,-0.7729,-0.4642,-0.1873,1.1426,-0.8829,0.74942833
-0.4667333333333333,-0.6538,0.5911,0.039,-1.3559,-0.83615,-0.0242,-0.5658,0.58219403
-0.3074,1.1539,-0.8611333333333334,-0.2433,0.14287499999999995,-0.967575,-1.0147,0.5187,0.92281264
0.3859,0.0414,0.7632,-0.2039,-0.3963,1.0614,-0.4325,0.2274,0.54528046
-0.42809965155314456,0.1887,-0.5972,0.1483,-0.3759,0.9071,0.0165,-1.2454,0.87065333
-0.631,-1.3869,-0.0653,-0.9699609424563667,0.7261,-0.4116,-0.911,-1.4541,0.7891155
-0.0978,-0.7364,1.2473,-0.0577,-1.3641,1.3977,1.1426,0.010450000000000015,0.40948606
-0.4207,0.606,-0.2343,0.3519,0.7869719958075111,1.1068,0.7117,-1.0713,0.5139325
-0.0917,-0.08445,0.09862500000000007,0.3732,0.5115,-0.3212,-0.06677500000000003,0.15305000000000005,0.858762
-1.3632,0.8314,-0.4522,-0.9944,1.0639,-0.15035000000000004,-0.07184999999999997,-1.2346,0.9862896
-0.9398,-1.45,-1.5325,1.2046,-0.4601,-0.4758,-0.9711,-0.6736,0.97704387
-0.9047,-0.7042999999999999,0.3749,-0.985325,0.165,0.2509,-1.0650249999999999,0.1215,0.7334306
-0.1686,0.41,0.4994,1.4774,-0.0291,0.2487,-1.0453,0.4534,0.7222734
-0.2587,-0.7042999999999999,0.7008,-0.985325,-1.5122,-0.4937,-1.065025,-0.4488,0.5484726
-0.9822,-0.0214,0.1817,-0.3581,-0.6198,0.9367,0.9962,-1.24539898813319,0.57132244
-1.4396,-0.0918,-0.137,-0.1504,-0.8071,-0.5019,0.1483,-1.2161,0.78916734
0.5093,-0.2725,-0.4142,0.444225,1.4390333333333334,-0.661725,-1.1859,0.3487,0.99033844
-1.489,-1.4247,0.2019,-0.13404486264007057,-1.0324,-0.9681,0.209,-1.5194,0.7305965
1.3934,-1.4347,-0.1852704652395383,-0.3352652195838756,0.3977,-1.4529,0.3485,1.1931,0.8310421
-1.0607,1.5118,1.2012,0.027,0.514,0.9470476129630323,1.0647,1.13,0.46183366
0.6728,0.5005,-1.4924,0.48377564192637734,-0.5612,0.3099,-0.0136,0.2936,0.70608765
-1.5224,1.4478,0.4158707412047952,0.7951,0.0095,-0.8666,0.5924,-1.2952,0.5524182
-0.0783,-1.45,-0.21103333333333332,-1.554,-0.3024,-1.4885,-0.537925,-1.1589,0.8278426
0.4584,-0.5576,1.0098,-0.19372499999999995,0.05272500000000002,1.3642,-0.173275,-0.5080749999999999,0.5189057
-1.1087,1.118,0.13811626158543214,0.8596,-1.4702,-0.5047650415992501,0.058,-0.25,0.6535591
0.183,0.5656,0.5277,0.445,0.0574,1.3863,-0.0632,0.5735,0.60708815
0.2383,-0.7652,0.1758349100619112,-0.5663,0.6007404327087423,1.1797,-0.326,1.3781,0.82522225
-0.1163,-0.5471,0.6391,1.1349,-0.0211,-0.22575277725358023,0.4281,0.098,0.5654402
-0.128,0.1185,1.0389,0.2123,-1.1266,-1.1805,0.7951,-0.6142,0.46687672
0.621,0.2747,1.5436,0.3665,0.0146,1.516,-0.0819,-0.5813,0.45875952
1.5305,-0.5264,-0.5814557148608149,-0.547,-1.3838,0.6105,-0.5049,1.0843,0.7896361
0.2637,-0.7857,0.026828857186732433,0.8165,0.4494,0.7092,-0.9552,1.1912,0.8635757
1.0007,0.6321,1.537,-1.3578,-0.042991676960860474,1.1576,-1.159,1.3389,0.43290776
-1.2838,0.3984,1.524,0.7520575293294339,-1.0817,-0.8812760787824369,-0.0379,-0.12,0.6201519
0.7609,0.3733,-0.755425,-1.3237,-0.1481,-1.4064,0.6653,0.2928,0.875766
-0.36917500000000003,1.0116,0.6027,-0.41990000000000005,0.9306,-1.4398,-1.5379,0.2468,0.49359798
-0.3033,-0.2606,0.6029,1.5166,-0.1549967928430447,-0.5695,0.7957,-0.7861,0.41129422
1.1473,0.010175000000000045,-0.8689,-0.892175,1.3316,1.0679,-1.060875,-0.2893,0.8100218
0.0976,-0.0199,0.3288867190900755,-0.1693,1.1823,-0.2308,0.3496,1.1653,0.76763296
-0.42102499999999987,-0.6884,-0.112875,0.9646,0.9616,0.1672,-0.17665000000000003,0.025800000000000045,0.8809524
-1.4926,0.22055347361431554,-0.4251,0.1865,0.028528259147877127,0.652,-0.8495,0.0141,0.9573976
-0.318,0.3041,-0.7277,1.0316,0.4865,0.6653,-0.32243349707518615,-0.2688,0.83163476
0.21850000000000003,-1.528,0.36602499999999993,-0.236875,1.4683,0.06872499999999998,1.2193,0.7696,0.7881362
1.0591,-0.5098442817140214,-0.2481,-0.6667,-0.1611454759421625,0.8139,0.4573,0.4481,0.696284
-0.42315,-1.0887,-1.4679,-0.41990000000000005,-0.3787,0.7605,1.2123,0.2404,0.97571796
0.0684,1.3717,0.2654,0.0314,0.4884,0.0827,-0.453,-1.2453993759882367,0.7360976
0.26743333333333336,-0.97815,1.03105,0.5319,1.3183,-0.5367333333333334,0.1816,-1.0218,0.59547263
-0.1998,-0.7522,-0.8611333333333334,0.5146,0.14287499999999992,-0.967575,-1.3031,1.2538,1.0182564
-0.5637,0.5238,-0.794273244522231,-0.7503,0.7034,0.1411,-1.5471,0.7679,1.0377417
-1.1205,0.2632,0.5313,-0.7647,-0.2894333333333334,0.27285,-0.6686,-1.516,0.5173941
-0.0917,0.6695,-0.77,-0.5245,0.5421,-0.03624999999999999,-1.0453,-1.1894,0.8937295
-0.2171,-0.12523175861687674,1.183,-0.5647113398909155,1.3947,0.7793,0.9563,0.465173429083707,0.542924
-0.12600000000000003,-1.0148,-0.5344,-0.15000000000000002,0.9881,-0.8640666666666666,-0.3767,-0.4652,1.1053797
-0.8345,0.0559,0.5322302265367526,0.8702,-0.0469,0.7781,1.1478,-1.245395906974329,0.26121694
-0.4505228053429838,-0.4417,-0.30448559731034985,0.5902,0.0301,-0.1006,-0.1779,0.4983,0.88472754
1.0117,-0.7602,0.2551,-1.5556,-0.6025,-0.0685,-0.8534,-1.2453989254761553,0.4819336
0.6873,0.192825,1.000675,0.6416,1.155,0.043525000000000036,-0.1988,0.8706750000000001,0.50262135
0.5909,-0.2344,1.2653,0.5097653479520947,0.866835410912517,-0.8118,-0.7417,0.9258,0.59266746
0.4817,1.1218,-0.1861478260338642,0.38230775434071024,-1.3149,0.553,-0.1211,-0.3396,0.5301492
0.2478188922619775,-0.7088178520591394,-0.5794,0.5993,-0.352,-0.7454,-0.4807,-0.2124,0.8303718
1.004,-1.132,0.0576,0.3176,-0.15277500000000002,0.02755000000000002,-0.017174999999999968,0.3543,0.6792301
-0.10207499999999997,0.772,-0.0832,-0.912925,-0.1949,0.8579,-0.22562499999999996,0.191075,0.74690104
0.432,0.3875,-1.2402,-0.7278,0.6456,-1.3897,-0.164,0.7642,0.8459471
-1.1484,1.2257,-0.4031272479341018,-0.249,0.3899921652279757,1.4468,-1.1073,-1.3338,0.8276693
-0.711975,-0.7424,0.1383,0.2683,1.4511,1.318,0.9264749999999999,-0.6626,0.54092056
1.4727,-1.4018,1.1122,-0.36855000000000004,-0.47315000000000007,1.1795,-0.17870000000000003,-0.907,0.48345834
-0.09582500000000005,-0.45775,0.185225,0.3366,0.026375000000000037,0.085,-0.871,1.3526,0.7903758
0.4522,0.12195000000000004,-1.26,-0.5286,-0.18415,-1.4091,0.11069999999999998,-0.39337500000000003,0.9283208
0.4144,-1.2075,0.10052043913455412,-0.3146,-1.5303,-0.8391,-0.8795,-1.2453994833362723,0.6700455
0.434575,-0.547875,1.06155,1.2143,-0.6178,0.499125,-0.3028,-0.7225,0.42692307
-1.1009,-0.5301,-0.2786,0.573,0.3919,-0.11854222340303082,0.9481,-1.2967,0.75829506
-0.35283333333333333,-1.4888,0.6183,-0.1774,0.16569999999999996,-0.7637,-0.6481,0.51985,0.81850207
0.7413,0.08531458310754098,1.0901004250562008,-1.0785,-1.0064,0.3924,0.7752,-0.2912,0.47438976
-0.33865,0.5212,-0.879,-0.3317666666666667,0.8235666666666667,-0.4155,0.6877,0.3395,1.0189879
0.1627,-0.6033801117701663,0.44876650943943086,-0.2623,-0.03121482974635772,1.299,-1.1995,-0.7692,0.6946609
1.3164,-1.1542,-0.0976,-0.6545,-0.6436,1.3357,-0.5994,1.2206,0.5668279
-0.214,0.3291,0.7444,0.9863,1.5594,1.3127,0.3875,1.0041,0.42196673
-1.069,0.1589,-0.2326,-1.245799587656557,0.9612,1.5577,-1.0962157976009714,0.858,0.8275057
0.4741,0.7103925487815793,-0.8246,-1.5404,1.2613,-1.3707,0.2472,-1.0273,1.0168974
-0.1551,-1.157,-0.5613,-1.2458,0.8615,-1.2981,-1.0963333333333332,-0.8603,1.0226493
0.17015,0.7355,0.5424,-0.2649,-0.6541,-0.4874,-1.0453,-0.3153,0.674687
-0.08624831794118741,-0.5788,-0.7537,-1.5069,1.1793,0.4022,-0.9906,-0.5219,0.9705929
-1.3808,-0.4347074299363043,1.5013,0.5882,0.3799964282176436,-1.0192,-0.5852,-1.0635,0.67280424
-0.4281,-0.5103,1.4902,-0.8524,1.0482,0.2192,0.7927,0.4984,0.63143677
0.9656,0.5604,0.3899781086404762,0.956,0.0078,-0.7543,-0.7838,0.3351,0.69240975
-0.9061,-1.4499987874768048,1.4007,1.4642,-0.2862,1.0459,-0.9710985569137184,-1.5404,0.3138666
-0.018922869027035875,-0.7746,1.5538,0.2409,0.0305,-0.4296,-0.1651,-0.5546,0.55458003
-0.0597,-0.8897,0.4202,-0.2282,-0.6415206349493543,0.7472,-0.8581100765047686,-0.2377,0.64993125
-1.2159,0.21020891435705316,-0.6893,-0.7545,1.022,-1.3145,0.8295,0.4176,1.0150324
1.4369,0.291,-1.3207,1.3541,-0.8299,-1.0105,-1.1185,-1.5017,0.64659834
-1.5008,-1.0001,-0.2734,-1.4619,-0.13513333333333338,-0.2861,-0.4322,0.4392333333333333,0.82617277
0.4885,0.5,-0.309925,-1.0721,-0.7805500000000001,1.5659,0.38632500000000003,-0.46272499999999994,0.7533151
-0.309675,-0.046375,0.7279,-0.09009999999999996,-0.932,-0.5454,-1.2869,0.7732,0.6591162
-1.1026,0.3312,0.25615,-1.1879,-1.1192,0.5596,0.17655,-0.8115,0.6051737
-0.0185,-1.449999472246264,-0.2518,-0.5666,0.786,-0.6807,-0.9710980448159962,-0.6145,0.9593535
-0.13909999999999995,0.8593999999999999,0.8001499999999999,-0.34825,0.09029999999999999,-0.03802499999999992,-0.318925,-1.2454,0.6449713
0.8135,1.4285,1.5017,-1.2443,1.2548,-0.0174,-0.9485,-0.6657,0.5597988
-0.2708,-0.9769,-0.0711,-0.7996,-1.5043,-0.45924999999999994,0.794,-0.43612499999999993,0.6876607
0.5906,0.0575,1.0349,-1.2458,-0.0823,0.7385,-1.0963333333333334,-0.9898,0.564097
-0.6378,-0.3945,-0.2052,-1.5015,1.5371,-0.5991,-0.5,-0.9532,0.9936432
0.6702,-0.45710144645374917,0.4359,0.544,-0.467,-0.5934,1.4714,-1.0097447737765446,0.48610485
-1.37,-1.187529610062415,-0.0045,-0.0746,-0.6652,-0.2659,-0.9551,0.7239,0.8530448
-0.3685,-0.4570995643391813,-0.0841,0.8536,-1.3643,0.0686,-0.6271,-1.0096680228700396,0.56787294
-0.8774,-1.0932,-1.3549,0.1695,-0.8071,-0.5019,-0.5372,0.9112,0.99137634
0.1628199127563474,-0.4841286068114406,-0.6141,0.628,0.3983,-0.7461,-0.2548,0.4322,1.0116769
-0.15555000000000002,0.2918,-0.2894,-0.4504000000000001,0.361,0.961,-0.39642499999999997,-0.6602,0.8706212
1.016,-0.7761,-0.535318211561682,1.216,-0.5268174748011425,-0.8036,-0.7244,-0.4709,0.888478
0.20824371302226397,-0.9256,-0.6646,-0.799,-0.296,0.6486,0.1277,-0.7251,0.8205834
1.2434,-0.2216,1.455,-0.13,0.6468,0.8559,-0.4277,-0.5122,0.47804818
-0.742,0.26178020611133096,-1.1599,0.0765,-0.0097,1.5658,1.0045,0.8428,0.8554767
-0.5905,0.8537,0.2182,-0.4392,-0.7623000000000001,-0.83455,-1.3165,0.9277500000000001,0.7203564
0.3083,0.7283,-0.412,0.9544,-1.1741,0.1905,1.266,-0.3001,0.54791594
0.5029671227590047,-0.0374,0.3956,-0.3481,0.7817,0.9349,0.2522,-0.1324,0.6697741
-0.31519971615307757,0.32186178221080103,0.9745,1.1608,0.9306000987036227,0.2878,-0.1541,-0.2242,0.43211627
1.0807,-0.2962,-0.053051483547635545,-1.4913,-0.1042,1.2278,0.3815,-1.2453969019002726,0.8475062
0.8046,0.5251,-0.9327526280028697,-0.16321895421191798,-0.5485,-0.0062,0.3656,0.4047,0.7041594
0.1556,0.10527132848607777,0.561014523491407,-1.2801,-0.3213128705284726,0.0906,0.0707,1.4624,0.5619196
-0.3361,-0.4249,0.5503,0.9515,0.6303,-1.3628,-1.2714,-1.2453991907999875,0.771237
-0.9068,-1.1864,1.1147,0.7521,0.3516,-0.8813,-0.3511,1.4206,0.55634636
0.10192500000000002,-0.2342,-0.6324750000000001,-0.2628,0.6315250000000001,0.0276,-0.22312499999999996,-0.25102499999999994,1.0212338
-0.128,0.6176,-1.0644,0.2123,1.5579,0.982,-1.4166,-0.5624,0.76323205
0.0375,0.9196,0.9119,-0.8903,-0.16756666666666672,0.13915,-0.7763,0.162375,0.59619117
-0.463,0.4723,-0.0336,1.3142,-0.689,0.0009,-0.0333,-0.7245,0.6432748
-0.35415,0.8643,0.108125,0.221275,1.165475,1.4915,0.1069,1.4641,0.7097804
-0.4667333333333333,-0.6538,0.5911,0.039,-1.3559,-0.83615,-0.0242,-0.5658,0.58219403
0.2809,0.5138,1.3936,-0.3862,-0.2193,0.5442,-0.2419,1.4481,0.42782906
-0.410625,0.5628,-1.1061,0.1265,1.0776249999999998,0.0508,0.08085,-0.3927999999999999,1.0258541
-0.8703,0.5143,-1.0348,0.9517,0.6777,1.4212,0.5196285853815951,1.4963,0.8849233
-0.679,-1.5187,0.30917450905638816,-1.3518,-0.8011883533121122,-0.4392,-0.517,1.1242,0.643488
0.9878,-0.7911,-0.5318240795982676,-0.841,-1.0276,-0.9957,-0.3106,0.3674,0.6698652
-1.2952,-0.266,-0.023924999999999974,-0.037949999999999984,0.5467,-0.3017500000000001,-0.6269,-0.08652499999999996,0.9571965
1.0115,0.602975,-0.2127,1.3487,-0.6145,-0.6637249999999999,0.2797,0.3394,0.7328209
-0.0011,0.5181,1.1737,-0.9099,-0.0748,0.4545,-0.7754,-1.245399287536459,0.5517869
1.4045,1.0033129287527165,1.555,-0.982,1.3638,-1.555,-0.5136,-0.1034,0.5137181
0.2048,-0.07114999999999999,1.1575,0.6516,0.164625,1.1368,-0.288725,-0.18754999999999997,0.39849815
-1.4005,0.5919,-0.0629,1.2507,-1.2576,0.0684,0.0025012700702783993,-1.2305,0.5345236
0.1368,-0.4043,0.1715,-1.286375,1.1005,1.355,0.3919,0.18377500000000002,0.84606415
-1.3454,-1.0001,0.3305,0.7212,-0.1351333333333334,1.2153,-0.5045,0.4392333333333333,0.7028415
-0.4281,-0.4571,-0.0999,-0.6653,0.2091,-0.3178,1.5014,-0.5070333333333333,0.8650914
-0.691975,0.46357500000000007,-1.1454,-0.5013500000000001,0.520175,-0.20892499999999997,-1.5337,-0.09047499999999997,1.0238609
1.2475,-0.203,-1.4027,0.4892,-1.3065,0.24870086353089835,-1.045298909507308,-0.9166,0.51761365
0.1839,0.04140151809338248,0.9028,-0.20390025614474772,-0.8571,0.6551,1.5165,0.1981,0.52797323
-0.2186,-0.7042999999999999,-1.2893,-0.985325,-0.9696,0.8968,-1.065025,0.6511,0.8495585
0.12388169921666906,-0.31267654555530944,-0.381,0.6125,0.2422,0.872,-0.3713,-0.7148,0.82153016
-0.49105,0.9071,-0.5649,-0.5666,0.3201,1.1929,0.26047499999999996,-0.41177499999999995,0.7991347
-0.766,-0.2387,-1.3752,0.42032500000000006,0.37677499999999997,0.12415000000000004,0.056825000000000014,-1.2504,1.0649793
-0.4281,0.5616,-0.5009,-0.3294,0.5106,1.388,0.8977,0.4984,0.8358101
-0.36917500000000003,0.451,1.2677,-0.41990000000000005,0.9306,1.5465,0.6379,1.2227,0.5279104
-0.9797,-0.2078,1.0445,-0.9219,0.7645,1.4012,-0.4513,-0.3077,0.69784117
1.2896,-0.1686,-1.4037,-1.528,-0.9451239810605588,-0.6757,0.067,-0.3935,0.6591358
-0.6475,-0.3308414250325785,-1.5018,-0.9048,0.6735,0.4264,-0.3186,1.5033,0.9779357
-0.4281,0.9148,-0.6526,-0.8699,1.2161,-0.275,-0.8936,0.4984,0.9842719
-1.385,-0.7361,1.177,0.3653,-1.3641,-0.8383,1.1426,0.010450000000000015,0.48710474
0.3306,0.1719,1.0889,-1.286425,0.3206333333333334,0.3858,-0.590175,-1.1847,0.5095909
-0.487264064147341,0.5404,1.0171,-1.4628,0.9972470685960864,0.6152,-1.023198442256253,0.3445,0.65956044
1.4324,0.2157,-1.5574,-1.4081,-1.3641,-0.5503,-0.1651,0.10376666666666667,0.5986452
0.4043,0.5163,-1.4679,0.7657704054742609,1.2214489298446225,-1.1106,1.1268,-0.7133,0.9958335
1.0348,-1.1166,1.4375,0.6654,0.0851,-0.0393,1.1425981588006875,-0.8626988104630234,0.33090252
1.0747,1.2194,-0.0325,-0.305775,0.6653,-0.47255,1.1106250000000002,0.5668000000000001,0.85495454
0.8913,1.5178,-0.8184,-1.091,-1.3643,-0.9535,-0.3463,0.1573,0.63567847
0.17015,-0.9841,1.1573,0.9786,-1.0759,-0.4874,-1.0453,-0.6242,0.5422668
0.9094,0.8557,0.4751,-1.0803,0.9313,-0.3691,-0.3209,-0.3994,0.5954427
0.8117,0.5971,-0.44422029690617093,-0.4398,1.1118,-0.2316,1.0621,-1.1,0.85251456
1.0124,-0.2563,-1.2196,-1.2458,1.0448,-0.1761,-1.0963333333333332,-0.0853,0.95929974
0.49651621387805833,0.563,0.23632372525614873,-0.5678,-0.069,0.8892,1.1161,-0.0685,0.6104987
-0.4738,1.4479,-0.8611333333333334,0.5708,0.14287499999999992,-0.967575,0.3622,-0.1383,0.91945827
0.3768,-0.4763,-1.4409,0.5623,-1.0239791168937513,0.0705,-0.23036494723301423,0.5339,0.7447387
-0.1109,-0.8949364281857776,0.5222489470574895,-0.8901,-0.8148,1.0849,0.4236,1.0558,0.52314717
0.8461,1.3698,-0.35928048020385683,-1.1476,-0.7345,0.1584,1.1286,-1.2453985839641337,0.8048728
-0.10757500000000003,0.032,1.2807,-0.022633333333333283,-0.6127499999999999,0.43092500000000006,0.1558,-0.9073,0.5187343
-0.3357,0.9932,-0.3656,0.603022945193955,1.2941910268424566,0.6222,0.7756,-1.0429,0.8513646
-1.1292,1.4033,-0.27325,-0.40614999999999996,0.16012500000000005,0.4675,0.14087500000000003,0.113375,0.88020056
-0.1767,1.008,-1.2453,-1.4081,0.362,-0.473,1.2856,-0.115,1.0245286
-1.2994,1.0766,1.1494,-1.4080978767644814,-0.8537,-1.512,1.1018,-1.2454,0.43363482
-0.4471,-0.899,0.9887,1.3696,0.0107,0.2724,-0.8211347682669062,-0.0531,0.558241
0.519,1.5064,0.4178,-0.1682,-1.0835,0.2487,-1.0453,-1.0715,0.49860063
1.1743,-0.3172,0.25615,-1.0558,-1.335,-0.3242,0.17655,-0.2281,0.629392
0.8655,0.871,0.546,-0.5141,-0.9039,1.1618249999999999,0.01640000000000008,0.7894,0.47393137
-0.49105,-0.9772,0.1653,-0.5756,-0.3883,0.0261,0.260475,-0.5039749999999998,0.745253
-0.0883730314038285,0.3861,-1.1309,-1.5285,-1.1968,-1.5347,1.0667,1.1788,0.8217335
0.7435,1.5588,-0.7792,-0.6113,0.5704236986213226,0.5247,0.6938,-0.9415,0.79866177
1.3486,0.2245,-1.5075,0.5724,-1.1561,1.0561,1.1425983730259213,-0.8722291239651013,0.5272825
-1.148,-0.9823,-1.5492,0.7621,0.5555,0.1244,0.0144,1.461,1.0078369
-0.4505228053429838,-0.4417,-0.30448559731034985,0.5902,0.0301,-0.1006,-0.1779,0.4983,0.88472754
-1.2103,0.3328,-0.2525,-0.6527000000000001,-0.6325,0.8573,-0.7620750000000001,-0.09835000000000005,0.71177876
0.11927499999999999,-0.82185,0.21162499999999998,-0.1825,-1.1947,-0.1452,-0.022599999999999953,0.9316,0.5995955
0.1381763778395698,-0.7924,0.7864671899648698,-1.0206,0.8013,0.3445,1.1406,-1.546,0.6352166
0.1307,1.5245,-0.8276,-0.46692500000000003,1.2324,0.0019333333333333425,-1.083575,-1.1126,0.9709866
-1.0358,0.030274999999999996,-0.0309,-1.0734249999999999,-0.149425,0.458,-0.43484999999999996,1.1629,0.74648476
-1.3666,-0.3393331632545672,0.604,-1.1079,1.182,-0.3644,1.0791,0.7067,0.7783873
0.432,-1.4323,-0.534,0.2372,-0.3571,-1.3897,-0.8335,0.8584,0.8513202
-1.3829,-0.141,-0.360475,-1.0869,-0.3104,-1.1895,-0.15995000000000004,-1.2269,0.8524076
1.0617,0.0245,-0.7064,0.2198,-1.2105,0.2487,0.04865000000000008,-0.5204,0.51571786
1.0398,0.04139992340846824,1.2381,-0.20389896099051646,0.3740212463563864,0.4214,-0.7451,1.3618,0.4916143
1.3316,-0.2074,1.1621,-0.2839,0.6587,-0.2303,0.6102744925398434,1.2256,0.5344783
-0.9276,0.3418333333333334,0.5662666666666666,-0.292,0.5643,0.8719,0.0217,0.4758,0.7466186
-0.965,0.20984716217123595,-1.2001,1.4753,-1.3744,-1.0113,-0.5243,1.5262,1.0619593
0.4716,0.5095,-1.1019,-0.3578,0.6243,0.3337,1.3283,-1.0845,0.7023863
1.0294,0.6567,-1.3396,-1.063,0.7632,0.2487,-1.0453,-1.5684,0.89978796
0.432,-1.0773,-1.3973,-0.8437,-0.0068,-1.3897,0.4262,-0.0832,0.9508225
-0.5683,1.3094,-1.0161,-0.64175,-0.7585,-0.6840999999999999,0.2175,0.05996666666666667,0.7624625
1.4004,0.0414007167395595,-0.7695,-0.20389918150780711,0.5573,1.2571,0.2554,1.1326,0.8999522
-1.337,-0.7785,-1.4135,-1.5071,-0.6115,-0.0816,-1.3171,-1.1946,0.8558401
0.2916,0.9513,-0.2867,-0.2553,-0.6918,-1.1549,-0.27916487760894,1.1284,0.76336604
0.9601,-0.7704,-1.4512,0.142425,0.48984999999999995,-0.48682499999999995,0.1899,0.174375,1.0505117
-0.4281001925512962,-0.4570978723890497,-0.2556,1.275,0.7026,-0.2148,0.888,-0.4760321913359879,0.9561207
-0.2274,-1.4199,0.2779,-0.3484,0.7936,0.558,1.1986,-1.245399503451132,0.52011806
0.2216607657881241,1.3791,-0.8381,-0.0107,-0.9945,0.3613,0.8082823713984155,-0.4457,0.631059
0.845,-0.8247,-0.0617,-1.4080999669967968,-0.6169,0.8245,-1.116,-1.2454,0.64255875
-0.128,-0.5499,-0.8087,1.27,-1.0808,-0.8011,-0.1724,-1.2453994483632929,0.8414171
1.0397,0.187,0.5848,0.7978,1.1309,1.4653,-1.4006,1.0909,0.6419936
-0.9579,0.8951,0.7658,-1.3765,-1.0938,-1.0579,1.1426,-0.8829,0.48710242
0.17015,0.7469,-0.0892,-0.6053,1.1205,-0.8554499999999999,-1.0049,-0.2696,0.75243765
1.1604,-1.0264,1.1664,-0.24910000000000004,1.236,-0.05157499999999998,-0.05607499999999993,0.82905,0.5822252
-0.8096,-1.2668,-0.8977,-1.5346,-0.8071,-0.1266,-1.0453,0.3034,0.71651196
-0.2193,-0.186,0.5951,0.3805,-0.02971798843568919,-1.1185,0.4042136992862909,0.8384,0.68525565
-0.3151968720435751,-0.27110910001880323,-0.2587,-0.2286,0.9305970594419954,1.3802,1.226,-0.2544,0.71337
-1.1281,0.8145,0.016199999999999992,0.21575,1.4390333333333334,-0.11677499999999999,-0.8498,0.0924,0.8254982
1.2971,-0.1252,1.3449,-0.6665540637320159,-0.7037,0.1168,0.2076,0.2292,0.49490592
0.2996,0.03131040801796195,-1.5608,-0.6689,-0.3705491184829771,-0.6877,0.1127,-0.1808,0.7348853
1.5516,0.8074,0.4063,-0.09186957437743296,0.551,0.4585,0.3825,0.2649,0.53803575
0.8656,-0.085,0.17777772949131523,0.37167629646311096,1.1628,-0.8028,-0.676,-1.2793,0.83358467
-0.5773,-0.1436666666666667,1.3547,0.4048,-0.0399,0.3053666666666667,-1.0082,1.4491,0.52897584
1.0865,0.6679,1.2354,1.3139,0.79095,-0.07847499999999996,1.0915,0.737625,0.3904576
-0.8921,-0.1977,-0.8007500000000001,0.5687333333333333,1.4407,-0.10793333333333333,-0.2543,-1.0232,1.171767
-0.9283,1.1724,0.6761,-1.5358,1.5385,-1.1354,-1.2422,-0.9279,0.45683613
1.2953,1.2145,0.1524,0.576353070967052,0.22520974647493786,-0.7636,-0.258,0.6184,0.84169817
-0.42809965155314456,0.1887,-0.5972,0.1483,-0.3759,0.9071,0.0165,-1.2454,0.87065333
-0.729375,0.961,0.896,-0.230875,0.8273,-0.25395000000000006,0.8965,0.35845,0.60323954
0.2893,-0.6302,-1.3421,0.5805,-1.364098266488276,1.5465,0.7198,-0.3022651742194958,0.60871977
0.250475,1.3507,0.12392500000000001,-0.0361,-0.3931,1.3691,0.17472500000000002,-0.2948,0.7248313
-0.4722,-1.1896,1.1532,1.5306,-0.2142515535519034,0.2313,0.5164,0.9508,0.44487637
-0.5353,1.4676,-0.2832,0.8011,0.09391076353555111,-1.4662,-0.3362,0.2773,0.9774881
0.7588,0.5095,0.9508,0.56,0.1937,0.3337,1.0735,-0.6958,0.3228733
-0.4568,0.9928,-0.0523,0.2852,0.2435,-1.3386,0.8548,1.0146,0.794128
-0.6683822380811771,-1.2068,-1.0131,-1.3905,0.2485,1.1317,-0.542,1.0776,1.0868999
-0.9372,0.26889301202513605,-0.7271,-0.3926,-0.6596,-1.0731,-0.5071,1.08,0.9331335
0.2599,0.2686,-1.0279999999999998,-1.2718,0.287525,0.40475,-1.2349,-0.4854,0.87637544
-1.5124,-0.8934,-1.4277,1.0978,0.9638974666797677,-1.5104,1.5577,-0.4188,1.0364414
0.1663,-0.922,-0.38322320633059925,1.4426,-0.31039946533069723,0.4267,-0.258417730054105,0.2384,0.7904598
-0.3486666666666667,-0.9216,1.3825,-0.29172499999999996,-0.3112,0.1508,-1.2656,0.306275,0.5281957
0.40472233121577156,1.2222,-1.0402,0.4954,-1.1761,-0.6334,-1.297,0.9244,0.9528285
1.2059,0.6043,-0.9203,-1.2671,-0.8071,-0.5019,-1.0118,0.6205,0.6798515
0.16834999999999994,1.3365,-0.18605000000000002,-0.8455,1.092,-0.770175,-0.24454999999999993,-0.1081,0.920033
0.9915,-0.04895029898579008,0.6577,-0.6007,-0.7908664852664368,-1.4575,0.2094,0.8824,0.596889
1.258,1.1766,-0.18595,0.3221,1.2399,-1.1293,0.253375,0.27980000000000005,0.8716524
-1.1635,-0.0999,-0.9611,-0.5375,0.7639,0.12170036638928662,-0.5457,0.7228,1.0534954
-0.128,1.5347,-0.5439,0.2123,-1.1122,-0.2514,-0.1958,0.1884,0.66476566
0.9485,0.2632,1.1808,-0.8154,-0.2894333333333333,0.40737499999999993,1.094,0.3041,0.47001976
0.7273,-1.5093,-0.8630033903411947,0.8506,-0.317,0.6411,-1.2198,1.0245,1.1094804
-0.0193,-0.8602460936943053,1.025,-1.4437,-0.365,0.5333,-0.9956,-0.8687,0.5941702
-0.4616,0.5573,-1.17275,-0.565525,0.0257,-0.2175,-0.953325,-1.2681,0.846824
-0.15555000000000002,0.6768,-0.4038,-0.11030000000000001,0.9733,0.769,-0.42027499999999995,0.8369,1.0408326
1.4271,-0.0606,0.5484,0.9506,-0.8914,-0.1355770821717026,-0.1868,0.107,0.48517814
1.5354,-0.6196,0.0139,-1.0486,-0.0294,0.0042,-1.0712,-1.1077,0.71747047
0.197,0.8986,-1.4296,-0.3133,0.1087,0.6567,1.0383,0.6187,0.91481817
1.3632,-0.5728,-0.8955942953284608,0.3419,0.0823,1.5094,-1.4723,-1.4342,0.7473361
-1.3851,0.1052,0.6052,-1.3186,0.6024,0.007900000000000018,1.1884750000000002,0.54505,0.7188072
1.375,1.1145,1.0361,-1.5356,0.1823,0.0864,-1.2305719981309595,-0.0661,0.42082906
-0.711975,-0.7424,0.1383,0.2683,1.4511,1.318,0.9264749999999999,-0.6626,0.54092056
-1.1264,-0.39852499999999996,0.2473,-0.132975,0.22265000000000001,-0.5032,-0.5556,0.283675,0.8941182
0.6648,0.38959999999999995,0.23524999999999996,0.328275,1.3145,-0.55775,0.07142500000000002,-0.482575,0.83500963
-0.9684,-1.5603,0.9104,-1.2458,-0.2694,0.1665,-1.0963333333333332,-0.5816,0.6949953
-0.0581,0.019925000000000026,0.22174999999999992,-0.04227499999999999,0.3512,-0.7745,-0.4474,1.2993,0.74588495
-0.9303,0.1788,0.3317,-0.14162499999999995,-0.1609,-0.0796,0.03192500000000004,0.002524999999999996,0.7459551
-1.4775,-0.7935,-0.22050407809262149,-1.3027,-0.1195,0.29136428913714585,-1.1247,0.2172,0.8258358
-1.3054,-0.01633333333333334,0.1154,-0.8252499999999999,-0.595,0.4538,-1.2409,0.5100499999999999,0.66318095
0.432,1.5559,-1.3885,0.3856,0.217,-0.5705,-1.0453,0.6749,0.97805655
-0.57175,-0.9009,0.08529999999999999,0.518825,-0.4422,0.9729,0.6415,1.4392,0.565138
1.0281,0.5109327250996877,0.9759,1.1289,1.3912,0.34651884821994444,1.2628,-1.126,0.2811685
-0.049000000000000016,-0.6292,-0.303475,-0.09617500000000001,0.2453,-0.5224,-0.4319,0.19619999999999999,0.9387042
-0.0978,-0.07527500000000001,0.5457,0.18822500000000003,-0.9552750000000001,0.4302749999999999,-1.026,0.6864,0.6415649
0.486275,0.0099,-0.564025,-0.6131,0.5891,0.194025,1.0264499999999999,0.659,0.97520673
0.6393,-0.7765,0.5053749999999999,0.338125,-0.24540000000000003,0.0007749999999999979,-0.7484,0.6916,0.6472594
-1.049,-1.311,1.5439,-1.0048,0.022042332960214264,1.1891,0.21116983610143986,0.2913,0.54263794
0.1749,-0.6281,-1.5255,-1.2542,-0.5616822131936996,0.4326,0.0927,1.5065,0.69757813
-0.0194,0.2632,-1.0269,-1.0964,-0.2894333333333334,0.699475,0.0617,-0.7589,0.77838683
-0.4238,0.1677,0.5954,-1.030325,0.3872,-0.2806666666666667,-0.57805,1.53,0.70033956
1.4456,-0.6587,0.9752,0.17622499999999997,-1.0771,0.5942,1.3837,0.0467,0.41642955
0.1078,-0.9549,0.7065999999999999,-1.0774,-1.1719,0.5676749999999999,-0.16995,1.29335,0.5457049
-0.27717499999999995,-0.8135,-0.9934,-0.1547,-0.0878,-1.5445,0.4013,-0.6406499999999999,1.0127865
0.4987381106370641,-0.781,-1.4913,0.5574,1.2855,-0.0842,-0.8124,0.4011,1.2733595
0.10087500000000002,-0.759375,0.466075,0.7521,1.016425,-0.8813,-0.308125,0.5279,0.7429012
0.9511,-1.5025,-1.125,0.1728,1.1306,-1.2608,-0.9186521162507392,-0.4161,1.0895408
0.0113,0.13687499999999997,0.4784,0.6271,0.44877500000000003,-0.08590000000000003,-0.8154,1.3177,0.765667
-1.3102,-0.8374,0.04494999999999999,0.84,-0.1898,1.0561250000000002,-0.316225,0.488475,0.82634926
-0.6678,0.8991,-1.0145,1.5073,-1.269,1.4371,0.3312,-0.752,0.57774407
0.532375,0.5332749999999999,-1.5004,-0.46699999999999997,1.4062,-1.3694,-0.11707499999999998,0.4739500000000001,1.0531099
-1.0225,0.0414,0.906,-0.2039,0.9021,-0.4994,0.3113,0.281,0.72635
-0.4280989284267932,1.3569,1.4508,0.8601,-0.925,-1.435,-0.462,-0.75412071351507,0.6891118
1.5077,1.1261,1.5538,-0.1958,-0.4613904350070649,-1.5337,-0.9621,1.0593,0.5333768
0.4681,0.3309,0.7585,-1.2354,-0.8970251980465405,-0.3934,-0.1986876670456489,-1.0881,0.44747344
0.3602,-0.173,-1.1685,0.07652500000000001,-0.3474,-0.442425,-0.046999999999999965,1.250875,0.8239729
-1.0612,-1.45,-0.2938,-0.6589,-0.3547,-0.6937,-0.9711,0.2275,0.9144671
-0.4583,1.2766,1.4964,-0.6926,0.8476801721036378,0.6975,-1.133,-1.1023,0.66285664
0.43993333333333334,-1.1822,-0.27623333333333333,-1.1975,-1.1699666666666666,-0.6341,1.279,-0.5025,0.65611446
1.3247,0.9996,-0.3786401856893423,-0.1459,-1.3641,0.645,-0.7887,0.5413,0.6864299
0.9707,-0.126525,0.0434,-0.48022499999999996,-0.8618,1.0086,1.2276,-0.5623750000000001,0.5237687
0.2481,0.0414,-0.5071,-0.2039,-1.5245,0.1108,-0.593,0.2076,0.57878774
-0.8843,-0.45709749791421883,1.5533,0.272,0.4935,-0.3296,-1.4822,-1.0097469635562033,0.722725
-0.325,-0.752,-0.2924,0.3943,0.0702,-1.2454,-0.09933749690753282,-1.4689,0.9293904
-0.6041000000000001,-0.9347,0.4075,-0.607825,0.7376,-0.2466,-0.4608,0.24223333333333333,0.7657966
1.5173,0.4821,-0.3604749999999999,-0.185,-0.3104,-0.8543,-0.15995000000000004,0.1826,0.8324356
0.490475,0.08159999999999995,-1.1849,0.8191,0.8108,-0.11074999999999999,0.8756,0.3013,0.9497387
1.4612,-0.9999,-0.0977,-0.425825,-0.04284999999999996,0.45799999999999996,-0.5326,0.5607,0.77336526
-0.2856,0.3844,-1.5314,-0.3648,-1.3878,-0.310325,0.175,-0.3756,0.7667833
-1.0416,0.2632,-0.6587,0.5059,-0.2894333333333334,0.5737749999999999,-0.217,-0.4704,0.7563169
0.17015,0.0902,-0.3521,-1.2522,0.3529,-0.4874,-1.0453,-0.4424,0.9623577
-0.42809931101326665,-0.7954,-0.3904,-0.5128,0.9442,-1.3004,-0.6207,-0.22390556395520708,1.062657
-0.5984,0.2777,1.0612,1.079,0.5865,-1.3583,0.2363,1.3096,0.6758241
0.6957,-0.1675,-0.4828,1.4048,0.6918,-1.502,-0.0168,1.2906,0.8545367
-0.21515,0.5991249999999999,0.6763,0.3876,1.4757,0.521675,0.8817,-1.0199,0.35146472
-0.1368913149323301,1.3944,-1.5425,0.3391,-1.1391,-1.4508,0.14891034178191737,-1.023,0.7408053
-0.06725000000000002,0.2982,0.9453,0.29372499999999996,0.26354999999999995,0.6963,-0.6138,0.7669750000000001,0.7095178
-0.9966,-0.5536,-0.26861405437283115,0.1466545991012563,-1.2365,0.6798,0.1293,-1.4006,0.7351638
-1.1104,-0.4734,1.358,0.024108012607847597,0.5533,-0.107,-0.2112,-0.7749,0.5884668
-0.31145,0.0971,0.6423,1.304,-0.5803,-0.243,0.4283499999999999,-0.0131,0.5782853
-1.013,-1.4251,-0.3761,-0.16562499999999997,0.034,-1.4988,-0.19355,0.4747,0.928002
0.9929,-1.45,0.3515,-1.2694,-0.5753,-1.179,0.08575000000000005,-0.5204,0.61798155
-0.8675,-1.3091,-1.115,0.7334,-0.46140000000000003,-0.6793999999999999,1.2833,0.45740000000000003,0.9254775
0.10634999999999994,-0.1892,0.5640999999999999,-1.196475,-0.8661,-1.0559,-0.050624999999999976,-1.2457,0.52238905
0.2609,-1.4499992184386625,0.7391,-1.2055,0.3833,-1.5178,-0.9710886759915451,1.487,0.32608876
0.2826,-0.03320000000000001,-0.6834,0.8476,-1.4538,0.40309999999999996,-0.8767333333333333,-0.9456,0.63710564
-1.231,-0.263,0.3715,0.14182500000000003,0.275775,-0.5039,0.391425,0.6727,0.83813393
-1.5304,-0.126525,-0.392,0.20479999999999998,0.0788,0.4979,0.5667,0.06267499999999998,0.9497671
-0.3764,0.5152,-0.12249904028373312,0.08006402655176505,-1.0369542262750184,0.1769,0.2713,1.2121,0.62782085
-0.2642,-0.0933,-1.1479,0.7521,-1.4733,-0.8813,-0.0546,0.6633,0.92348033
0.6223825481503098,-0.23921079017291233,0.3535,-0.5747,-0.9513,0.8622,-0.08016642623789717,-0.2916,0.53614247
-0.7832,-0.8592,-1.1921,-0.3863,0.8623,-1.3004,-1.1944,-1.4748,1.019773
0.0654,-0.49977182279956134,1.3931,-1.2526,-1.3447,-0.4358,-1.4035,-0.8057,0.5156015
-0.7822,1.0252,0.03985065449964398,-1.037881821784252,0.2207,-0.1635,0.4947,-0.17,0.8318481
0.6224001966502116,0.26231220981209635,0.6804,-0.1512,1.53,1.047,0.2888709483232,-0.5257,0.5001856
-0.11,-0.5418,-0.8611333333333334,-0.4069,0.4595333333333333,-1.1228,-0.0395,-0.7415,1.0676255
0.1056,-1.2882,-1.1114,-1.2511,-1.3641,-0.9882,1.1426,0.010450000000000015,0.80611664
-0.11,-0.5418,-0.8611333333333334,-0.4069,0.4595333333333333,-1.1228,-0.0395,-0.7415,1.0676255
-0.469,-1.45,0.7952,-0.4728,-0.0924,-1.5031,-0.9711,-0.232,0.6867723
1.2767,-0.9285121077353615,1.0617,0.1071,-0.7519485876533668,1.2143,-1.2883,0.6429,0.5203915
-0.1311206184248349,0.489,-0.1317,0.6545,-0.4961,0.232,1.2662,0.3196,0.61521864
0.1938,-0.4748,0.4693,-0.9809,-0.58,0.8069,0.16330622925259822,0.8851,0.62957114
-1.1822,-0.4571,0.3188,0.1976,-0.3469,-0.08004835441781899,-0.2284,-0.3405,0.7313188
-0.5411421325259492,-0.5957355427447898,-0.6914,1.3715,0.2114,-0.3711,1.5654,1.1893,0.85814697
-1.1004,1.39,0.2761,1.2999,1.4043,1.3292,0.9631,0.9957,0.6144936
-0.519,-0.9885,-0.9771,0.2988,-0.3104,0.3435,-0.49645000000000006,-0.0004,0.96676505
-0.6547,1.2246,-1.1533,0.4785,-0.5880345652860062,-0.5158,-0.5138,-0.2809,0.8443918
0.8303,-0.1373,-0.7104,-0.5594,0.2369,0.2487,-1.0453,-0.5108,0.9214847
-0.7025,1.1112,0.08324999999999999,0.2795,1.12995,-1.2442,-0.0262,0.798,0.8271693
1.4647,-1.45,0.9486,-1.2458,-0.6769,-0.6777,-1.0650249999999999,-0.9496,0.49220592
-0.6345,-0.4571,0.6316488322091376,-1.5393,0.7604,0.0872,0.9815,0.234,0.7301924
0.3452,-1.2767,-0.62805,0.1342,-0.8137,1.2441,-0.3709,1.08,0.7329435
-1.0752,1.4475,-0.3682933520417616,-0.565525,0.8109,-1.4624,-0.30350669188434287,-0.5406,0.98984957
-0.3151995270604196,0.846,0.364,0.4928,0.9305992961303063,-0.6246,1.5689,1.0787,0.6334818
-0.24797500000000006,-0.48072499999999996,0.13515,0.5614,-1.5114,-0.053225000000000036,0.1219,0.9381,0.56719285
-0.8406,-0.4571,1.0439,-1.2908,0.4983,-1.496,1.1967,-0.7741,0.6155174
0.7582,0.5524,0.0958,0.062252637390032846,0.30002308666093286,-0.6888,-0.9267,1.0197,0.85673857
-0.8065,0.0303,0.543,-0.6719,0.575,0.3757,-0.6597,-1.2453989039040967,0.69372755
1.0591,-0.5098442817140214,-0.2481,-0.6667,-0.1611454759421625,0.8139,0.4573,0.4481,0.696284
-0.2708,-0.9769,-0.0711,-0.7996,-1.5043,-0.45924999999999994,0.794,-0.43612499999999993,0.6876607
-0.22112500000000004,-0.21439999999999998,0.1466,-0.10044999999999998,1.295475,-1.5416,0.3573,0.71455,0.81558806
-0.3151997134758371,1.0524,-0.3784,0.2322,0.9305999782273215,-1.5445,-0.2321,-1.276,0.9952194
-0.9819,1.4639,-0.2658,-0.685275,0.1715,-0.3787,-0.19354999999999997,0.4747,0.8656463
1.3122,0.0267,0.25126834136245924,-0.7659406986511167,-1.3305,-1.1663,-1.1617,-1.5607,0.5086789
0.3444,-0.9667,1.4015,0.025764015892255823,-0.3606,-0.3411,-0.3532,1.057,0.48868254
1.5297,0.0519,0.984,-1.3173,0.9902,1.4837,0.4563,1.2505,0.65436655
-0.0555,-1.3108,0.2835196968681578,0.21713661366446702,0.0413,-1.516,-1.4263,-0.3602,0.84771407
-1.5581,-0.0351,1.1515,-1.417,-0.515,-0.8487,-0.15484668439800015,-0.6218,0.6247276
-1.5705,0.1508,0.9304,1.0635333333333332,0.2158,0.348,-1.2456,-0.8274,0.76106095
-1.0612,-1.45,-0.2938,-0.6589,-0.3547,-0.6937,-0.9711,0.2275,0.9144671
-0.9329,0.04139960599356673,-0.246,-0.20389877905670004,-0.3987,1.0847,-0.5928,1.3308,0.67766577
-0.7315825381563019,-0.102,0.011913689230583524,-0.89,0.1674,1.3522,-0.8192,-0.3095,0.8316357
1.5618,0.8618,-0.8611333333333334,0.3431,0.14287499999999995,-0.967575,-0.3577,0.2719,0.94263566
0.2875,-0.6312,0.5938,-0.7078,1.5087,0.2487,-1.0453,1.2895,0.67593396
-0.3152,0.3702327521182188,0.9118,0.0174,0.9306,-0.4964,-0.4888,-1.4788,0.64810294
0.5518641631430435,1.433,-0.68737044034033,-0.8632,1.4193,-0.8958658085518411,-0.4732,-0.5017,0.920651
0.3733,-0.06332535770661694,-0.8264764164034021,0.7104,1.0374,-0.0562,-0.3665,0.7007,1.0009036
-0.3152,-0.2722,-0.047,0.4843,0.9306,0.1639,-1.0751,0.2029,0.8770131
-0.2599363789565526,-0.16000526360170156,-1.1967,0.3203,-0.3499,-0.6267,0.0631,0.507,0.9690144
-0.0375,-0.8017085995425981,-0.8513,0.2507,-0.5458,-1.5027,-1.3661,-0.304,0.96489245
-0.4746,0.596,-0.51825,-1.2778,0.718725,0.30460000000000004,-1.1992,-0.021375000000000005,0.9817566
0.6924,0.694975,-1.2715,1.4364,0.5816,0.12860000000000002,-1.0237,1.1809,0.9400268
-0.8603,0.499,1.1089,-0.4292918064278934,0.8712,0.8644,1.2495,-1.3424,0.42604205
-0.7001,0.04139982116724928,0.0375,-0.20390115471147013,-0.6482,0.3412,-0.1507,-1.5023,0.7011477
1.0223,-1.3835,-0.05287158670661441,-0.686,-0.5296478763520228,-0.8626,0.5742,-1.0387,0.6344359
-0.3064,-0.3364762664927374,-0.7144,1.2785,-1.1822,1.0775,1.0048,-0.3627,0.7024474
-0.4651314151945941,-0.922,1.0864,-0.8907,0.2432,-1.0371,-1.1941,1.4649,0.38405925
-0.4933,-1.3576,-0.847,0.4821,-0.7809,0.6116,0.4135,-1.2453991447808699,0.7918948
-1.0759,0.07872603724019399,1.4406,1.0365,0.2769,-1.4531,1.2869,-0.1067,0.51175356
-1.4154,-0.1649,-0.7211,1.4292,-0.8071,-0.5019,1.5235,0.6357,0.8628307
1.2407,-1.037,-0.360475,1.1234,-0.3104,0.1096,-0.15995000000000004,0.2493,0.76789796
0.012449999999999989,-0.5777,1.4538,0.06795000000000001,-0.841275,-0.251125,-1.5659,0.9831,0.60344857
-0.3152,-0.8317,1.1898,-1.1017,0.9306,-0.94,0.1254,-1.269,0.6206622
-1.1072,-1.004,-0.7352,-1.047,1.2878,-0.957,1.1426,-0.5204,1.1076366
0.7292,1.1003,0.4753,1.1066,0.5177246346237669,-1.2007,0.2016,-1.4525,0.5644358
0.4229,-0.33837974396402376,0.5583,0.4308,-1.3014,-1.5206,0.2769,-1.3025,0.45263496
-1.3505,0.4102,-1.374,-0.017600000000000005,0.2926,0.1414,-0.9412,-0.9136,0.95192486
-0.022499999999999964,0.599125,0.761,-1.3209,-1.3775,0.3245,1.3357,-1.4912,0.48039976
-1.2743,0.04139580658600112,0.454,-0.20389747112660317,0.15117023666905485,-1.47,-0.9255,0.3656,0.66655725
-1.3859,0.5095,0.9839,-0.1465,1.1427,0.3337,-0.5261,-0.3459,0.6612764
-0.8062,-0.5669,1.3321,0.13541967997996956,0.6876179145937863,-1.0284,0.5921,0.9484,0.6064175
-0.3152,-0.4659,1.0694,-1.4772,0.9306,0.5352,-0.9164,1.2358,0.5594517
-0.29295,-0.36335,-1.2001,1.4753,-0.29702500000000004,-0.5298,-0.5243,-0.522825,0.83827585
0.071,-0.3894,-0.8088,-0.7744,-0.5177186328556347,0.5785,-1.073,1.291,0.8754837
-0.5203801312052991,-0.049652487521174224,0.569114467725656,1.4455,1.4697,0.8626,-0.9309,0.4825028338032118,0.77970034
0.7208,-0.0303,-0.4279,1.1275,-0.8071,-0.5019,0.5657,-1.4956,0.57495266
0.106,0.7371,-1.0654,-0.4181,-1.0834,0.1658,1.004,0.15,0.58435947
0.2445,-1.482,0.4276,0.9159,0.9124,-0.8373669697820568,1.355,1.2289,0.64506376
1.3501,0.4723,0.5809427336789781,-0.1827,0.6481,0.0009,-0.6401,-0.0528,0.68400955
-0.3873,-0.29457500000000003,-1.1728,-0.1013,-0.2324,0.14154999999999995,0.6239,0.1356,0.9013349
0.7158,-0.4571012253028147,0.0728,-0.5159,0.7194,-0.9679,1.3951,-1.0097488582037923,0.69510216
0.32300000000000006,0.05547499999999998,0.3279,-1.4625,0.1164,0.2369,1.3059,-0.182875,0.71890754
0.2267,-0.895,0.03724999999999995,0.392,0.21849999999999997,-0.23597500000000002,-0.2946,-1.5188,0.7752518
0.22601885317073003,-0.1486,1.4829,-1.2992,0.2748,0.8282,-1.4718,-0.1564,0.6934736
0.6099,-0.9631,-1.5308,-0.8443,-0.1416,1.1027,-1.5604,1.2225,0.99236107
0.22857500000000006,-1.1924,-0.18605,-0.1904,0.02560000000000001,0.8236,0.08977499999999997,-0.2196,0.8172934
-0.3362,-0.0689,0.3871,1.2613,-0.9777,-0.2205952968240056,-0.7144,0.6213,0.69680786
1.0079,0.7268,-1.0744417520125509,0.027924782612438304,0.9486,0.4356,0.2044,-0.9747,0.86001855
0.17015,1.0541,-0.365,-1.4625,0.5231,-0.8554499999999999,-1.0452990538605433,0.0556,0.85262126
0.0375,0.9196,0.9119,-0.8903,-0.16756666666666672,0.13915,-0.7763,0.162375,0.59619117
-0.456,1.3904,0.0423954557873239,0.3676,-0.1848890906648961,-0.2210311533717944,0.0561517050046518,-1.5315,0.73752224
0.0971,1.2885,-0.9049,0.622,-0.8071,-0.5019,-1.4574,0.583,0.90636766
0.4156110760056587,-0.0285,0.8866804739776798,-1.161,1.2142,-1.1891,0.4985,-0.1645,0.6325771
0.11322499999999998,-0.6611499999999999,0.34135000000000004,-0.8048,0.4812,-0.260875,-1.1827,-0.6791,0.71219945
0.6314,-0.56145,-0.908,0.4221,1.373,-0.36529999999999996,0.28362500000000007,-0.1932,1.0247874
-0.05101719288988145,-0.9693,0.8829190544441518,0.0685,0.6821,-0.3245,0.731,0.1378,0.5267671
-0.2235,-0.45709884005720824,-0.2893,1.3927,-1.4502,-0.9984,-0.1261,-1.0097471527019823,0.7940626
0.8234,-0.6818,0.0447,0.8859,0.006478054693832868,0.1818,-0.1478,-1.2024,0.74994975
-0.9397,-0.39043901836363565,0.7508,-0.5858,1.4807,-0.7998,1.0044,0.1924,0.704914
-0.5907,-0.8772,-0.5855688571776898,-1.1828,-0.6618,-0.3843554111506929,-0.3733,0.3747,0.88672215
-0.25907500000000006,-0.4407,0.95425,0.4716,0.3045,1.5418,1.4851,0.9020250000000001,0.42598543
0.302175,-0.988,-0.74185,-0.7187,1.4201,-0.05587499999999998,-0.18395000000000003,0.2589,1.0184171
0.09877997423940751,1.4814,-1.0821,-0.8167,-0.1165,-1.5511,-0.18,-0.7067,0.91174
1.0211,-0.48785,-0.5176,-0.3336,1.4979,-0.260525,0.47702500000000003,-1.3042,0.9851605
-0.26945,-0.1178,1.1456,-0.0224,-0.7637499999999999,0.05602500000000002,-0.038125000000000075,-0.2437,0.5503646
1.4826,0.2059,0.4174,-1.0879,-1.12045,-0.56575,-1.0347,0.1816,0.36760342
-0.5466,-0.9680666666666666,-0.7778999999999999,0.8977,1.38,-0.5165,-0.46849999999999997,-0.1896,1.1859459
-0.1294,-0.9997,0.6167298879028127,0.23275814876922707,-1.1089,1.4209,1.0209,-0.3012,0.3809063
-0.3765,-0.5282,-0.8611333333333334,-1.511,0.14287499999999995,-0.9675749999999999,-1.5168,0.8357,0.8490575
0.0019500000000000073,0.7956,-0.2116,1.484,0.4681,-0.8794,-1.5487,0.049500000000000016,0.7507468
0.658,0.324,-1.0809,-1.0898,-0.995,0.2113,-0.9075,1.1147,0.62613726
1.0566499999999999,-0.35524999999999995,0.1946,0.41657500000000003,0.7051,-0.6691,-0.23964999999999997,0.161,0.8291441
0.8681,-1.3216,0.45646470190180133,0.11127368409132068,-0.7794,0.9819,1.0086,-1.5151,0.4956396
-1.0746,0.1443,-0.6113,0.2485,-0.2906,0.9771,0.8209,-1.0888,0.8868563
0.3715,-0.029270012107637015,0.7453,1.2424,1.0887,0.5088,0.3676,-0.9474,0.40042907
0.505,-0.0062,1.5465,0.7521,-0.5013,-0.8813,-0.9292,-1.5619,0.53360754
1.4017,-1.1724999999999999,0.3559,-0.2228,-1.4854,0.6167,-0.04103333333333329,-1.0196,0.45156682
0.3484,-0.3447,0.9322411030689921,1.3791,-0.9442,-0.9355,0.1091,-0.8162,0.4408829
-0.4226,0.25685,0.9489,0.2741,-1.0425,-0.4402,-0.619,0.6663,0.6218306
0.6429,-0.45709876623190016,0.4587,-0.0775,0.0869,1.0005,1.4326,-1.0097499469676086,0.35614854
-0.36917500000000003,-0.8031,-1.0441,-0.41990000000000005,0.9306,-0.112,1.4217,0.626,1.1213157
1.4917,0.6538,0.26247499999999996,-1.5664,-0.7835,-0.646975,-1.4612,0.1739,0.47323486
-0.2115,-1.45,1.5285,-1.1672,0.6918,0.3486,-0.9711,1.1716,0.5817345
-0.5403,-0.0243,0.2069,0.8112,-0.7106,1.3976,0.9329,-1.4894,0.35620132
0.5173,0.21582067960561696,0.0682,-0.0988,1.3337,1.5706,1.4996,-1.2102,0.4818553
-0.2802,1.0361,-0.1719,0.874,-1.3473,1.3273,-0.008784463706861168,0.6969,0.57641065
-0.6872,-0.2487,0.43999999999999995,-1.4385,-0.2363,1.2854666666666665,0.5204,0.644525,0.54639745
0.7641,-0.2456,-0.6357,-0.7905,0.2635381192324144,1.1042,0.4659,0.7394,0.918038
-1.0228,0.6634,0.1773,-1.4956,-0.0207,-0.36910114965416574,-0.5219,-0.7498231772732553,0.7750239
-0.1103,-0.4813,-0.357275,-0.7856,0.27869999999999995,0.838625,1.4666,0.14972499999999997,0.9921024
-0.3091,1.4169,0.5651,0.2742,-0.9051,-1.4321,-0.7861,-0.0806,0.72170585
0.5079,1.3319,0.2535,0.4187,-1.152,1.0435,0.573679237919631,-1.2368,0.5145584
-0.7183,0.0914,1.3286,-1.0521,-0.3391,0.3733,-1.2605,-0.5504,0.59065306
-0.7539,0.5109324351716228,-0.20645167042271045,0.8744,0.6323,0.346519780560432,-1.5057,0.1409,0.91945124
0.7767,0.5031172819112989,-0.221,-0.137,1.0986,0.2766004459837111,-0.8206,-1.0862,0.83375674
-1.0803,-1.2917,-0.3691,1.5073,0.516975,0.5958749999999999,-0.054425,0.418625,1.0260746
0.5517,-0.6475,0.521,0.5959,1.0024,-0.7161748745513409,0.469,1.404,0.6607695
-0.154025,0.6278,0.0768,0.03562500000000002,0.42974999999999997,0.2096,0.9321,-1.1995,0.69523686
0.317275,1.1863,-0.910975,0.6088,0.04244999999999999,0.5538,0.5434,-0.2035,0.7782858
0.021580717036296465,0.5305675674081728,0.565,1.0841,-1.0324,0.708,1.2498,0.6385,0.3933375
0.432,-1.1892,0.986,-1.2892,-1.2577,-0.5705,-1.0453,-0.732,0.4853357
0.4411,1.1854,0.0908,0.571325,-0.06545000000000004,0.7161250000000001,-0.40917499999999996,0.2547,0.770936
-0.5307,-1.2827,0.1482,-0.6365,-1.3641,-1.3939,1.2075,0.5413,0.71040815
0.17015,1.3655,1.5357,-1.4462,1.1858,-0.8554499999999999,0.0357,-1.3832,0.5804964
1.0566499999999999,-0.35524999999999995,0.1946,0.41657500000000003,0.7051,-0.6691,-0.23964999999999997,0.161,0.8291441
0.2314,1.4383,-0.9709,-1.4081,0.0228,-0.5147,-1.1075,-0.4918,0.91849697
1.1308,-0.734,-0.26012500000000005,0.8236,-0.8249500000000001,-0.176,0.017974999999999963,-0.60885,0.47701663
-1.4564,0.4102,-1.374,-0.017600000000000005,-0.2284,1.4064,-1.1521,0.9394,0.8658314
0.25348624797833674,0.5297,1.5501,0.5815,0.8902,0.176,1.3491,-1.2221,0.3015239
-1.2225,-1.2448,0.5663,-0.07724999999999993,-0.6069,0.2348,-0.8227,-0.7716,0.6699653
0.8841,0.8445,1.5035,-0.8826,-0.0427,-1.4103,1.1425982574402354,-0.8626978583292846,0.54038876
-0.469,-1.45,0.7952,-0.4728,-0.0924,-1.5031,-0.9711,-0.232,0.6867723
0.56545,0.3310666666666666,1.0831,-0.2936,0.8581,0.05737500000000001,-1.5479,-0.3015,0.63381755
0.3564,1.1216,0.1367,0.49700268899613487,0.8659,-1.254,-0.3357,1.09,0.73700196
-0.0739,-0.3817847442443864,0.6180597742480206,0.2471,-0.68131237948324,0.0857,0.0685,-0.5951,0.5935011
0.2202,-0.27,-0.8043270776309552,-0.2691993515198318,-0.3004,0.5796,-0.0097,-0.7417,0.78792393
0.17089999999999994,-0.123175,0.8608500000000001,0.7068,0.485,-0.08440000000000003,-0.7212,-0.2249,0.66342723
0.9991,-0.6589,-0.7375,0.7521,0.8521,-0.8813,-1.1106,-0.1423,1.0385113
0.6526,-0.2034,-0.9652,1.3102,-0.3980333333333334,0.4718,-0.6633,0.29035,0.71432906
-1.0301,1.5028,-0.8611332808170749,-0.4549,0.1075026205494802,-0.9502355618036046,0.5548,0.9758,0.9644147
0.9982,-0.7074,-1.0232881111512364,-0.8146,-1.3641,1.5005,-0.754,0.5413,0.7063624
-0.8513,0.2236,-0.431,-0.52285,1.1993,-0.14832499999999998,-0.791525,0.1186,1.0243863
0.6584,-0.1853,0.5946,-1.0195,-1.3641,1.2538,-0.5031,0.5413,0.44551396
-0.7668,-0.1244,-0.07339945185103988,0.1533,-1.3035,-0.7938,-0.8098,-1.2453993503413605,0.7639051
-0.3186,-0.8909136940586757,0.11060163694558436,-1.1178,-0.2716,-1.0395,0.4809,0.7106,0.82775617
-0.4292,-1.4499989840828693,-1.0193,1.2924,-0.9297,-0.8654,-0.971099617012219,0.88,1.0786351
-0.3257813061917479,-1.2368,1.4405,-0.8986,1.5039,-0.7842,0.7748,-0.698,0.62853724
-1.2133,-0.10992500000000002,-1.3022,0.3932,-0.2564,0.14905000000000002,0.5991250000000001,-0.2026,0.87682474
1.4089,-0.8113,1.2746,-0.6417499999999999,-1.0821,-0.5860749999999999,0.7035,0.3417,0.5077088
-0.42569999999999997,0.1141,-0.047150000000000025,0.32254999999999995,-0.2688,-0.8328,1.4812,0.9536,0.8238971
-0.8178,0.4697,0.801,0.8437,-0.5943429923078717,-0.5896,-0.5145846119605745,0.3182,0.63349587
1.0329,0.0414,-0.9164,-0.2039,0.6627,1.2596,0.6881,-0.0907,0.716754
-0.7394,0.3574,0.6699503821067255,-0.8153,-1.5631,0.01788143486708451,-0.9118,1.5357,0.35771164
0.5983,-1.5658,1.4018,0.4993,0.3328,0.0761,1.4829,-1.3601,0.30041742
-0.7582985809789384,-1.4724,-0.3712769193040542,0.5903,1.3639,-1.354,-0.2684,1.292,0.95635915
-1.4525,-0.0022250000000000186,-1.1773,-1.4867,-0.1744750000000001,0.27307499999999996,-0.8595,-0.5809249999999999,0.9525443
0.2248,-1.2675,0.7609,1.3739,-0.23001252570444394,0.009635466886272292,-0.7041,-0.22348168974596372,0.60583144
0.0375,0.9196,0.9119,-0.8903,-0.16756666666666672,0.13915,-0.7763,0.162375,0.59619117
1.4045,1.0033129287527165,1.555,-0.982,1.3638,-1.555,-0.5136,-0.1034,0.5137181
-1.4668,-1.4944,-0.3760675482477294,-1.2437,-1.2164,-0.5003,-0.2794,-1.2454,0.8727117
-0.5739834653262998,1.1463,-1.2023,-0.23719532303585755,-0.3921,1.0791,-1.4633,0.06917067548193374,0.8522357
0.568325,-0.5611,1.2878,-0.0842,-0.1349,0.01605000000000001,0.5805750000000001,-0.31547499999999995,0.5145174
0.5778,1.4359,1.3099,-0.2017,-0.8071,-0.5019,0.8737,-1.0334,0.44281742
-0.214,0.3291,0.7444,0.9863,1.5594,1.3127,0.3875,1.0041,0.42196673
-1.105,-1.45,0.655,-1.0239,1.0538,-0.8919,-0.9711,0.5905,0.60554403
-0.5619,-0.5545,-0.0065,0.7521,-0.0799,-0.8813,1.4953,-1.5025,0.69104254
0.5247,0.8989,0.6682,0.5184,1.1617,0.029725000000000015,0.6415000000000001,0.345025,0.5016525
-0.26184034243471144,-0.124,0.8271,-0.621,0.2383,-1.0969,0.0767,-0.6663,0.7379466
1.1835,-1.0568,-1.2497,-0.5256,1.1759,-0.19786745127240368,1.1587,-1.1652,0.9955202
-1.2102,-0.994125,-0.8011,1.4806,-0.04055000000000003,0.02342500000000003,-0.34575,-0.5212249999999999,0.86790866
-0.7348,-1.055,1.1874,0.8255,0.3325,-0.2553,0.6813,-0.1171,0.37744278
1.5222,1.1057,0.6099,-1.347,-0.43344719306653867,0.8268,-0.6802,-1.4653,0.38035524
-0.5433749999999999,0.3616,0.008633333333333333,-0.6891,0.533925,-0.9272,0.2429,-0.6783250000000001,0.86130655
0.6234303905982236,-0.6814585802194856,-1.248,-0.1239,-0.009,1.2518,-1.0329,-0.155,0.91771364
-1.2007,0.7802,1.5006,0.26423333333333326,-1.1874,-0.586075,1.0385,0.059099999999999986,0.44561738
1.2205,-1.0488,0.8696,0.6612,-1.1932,-0.9897,-1.0881,1.5508,0.4993628
0.4155,-0.5975,-0.2594302099558117,-1.0115,-0.3305,0.5686,-0.8139,-1.2453996327291057,0.8382387
-0.3412,0.6274,0.4178,-1.1703,0.6485,0.3271759537322081,0.8204,-1.4613,0.66546685
-0.209475,-0.15260000000000004,1.1298,-0.057425000000000004,1.09395,1.1519,-0.5353749999999999,1.253,0.6308833
1.004,-1.132,0.0576,1.4439,-0.9711,-1.3893,-1.3886,-0.4316,0.59409356
-0.9398,-1.45,-1.5325,1.2046,-0.4601,-0.4758,-0.9711,-0.6736,0.97704387
-1.2216,-1.0037,0.07469466363961878,-0.8718,-0.3488,1.3353,0.2232,1.0116,0.7598241
-0.3694,0.7847,1.2415,0.5454,0.0867,1.0596,-0.5949,-0.3104,0.47538608
0.154,0.8327,0.27262616649845334,-1.3339,-0.5047,0.7378803939503493,-1.2047,0.15114134267718743,0.6830635
-0.5632,0.7442,0.41717403070929954,-0.5489,-1.3641,-0.6318,-0.9019,-0.35205000000000003,0.64479524
-0.49105,-0.2807,1.2791,1.164,0.9745,-0.6812,0.18875,-0.47262499999999996,0.5583646
-0.7141676982705254,1.196,1.3235,1.4567,0.578,1.0046,0.5409702944461026,-1.5259,0.2974614
-0.7672,0.1565,-0.632,0.7918,-1.382,-0.369099821757034,-0.0266,-0.803131277156764,0.7511887
0.1044,0.0446,0.3221,-1.2071,-0.567,1.4421,-0.7005,0.994,0.67821926
-0.1092,-1.3886,0.5029,-0.3403,-1.0175,0.6405,-0.9118,-1.2054,0.624827
0.5554,0.2405,0.6039,-1.3541590195122983,-0.5663,-0.0205,-1.017,-1.3183,0.49792385
0.2797,1.0583,1.2294,-0.795,1.5436,-0.3691,0.2009,-0.8224,0.6794907
0.81425,-0.6902,-0.18267499999999998,0.8535,1.1068,-0.77895,-0.286725,-0.9477,0.8726031
1.3838,-0.4042,-1.4064,-1.4080992624029218,-1.3072,1.37,-0.2475,-0.43057895302114,0.8091952
-0.3049,0.5442,-1.4624,-0.442925,-1.0699,-0.1266509982084939,-1.0835749999999997,-0.764,0.75133634
-0.5808044391079731,1.2544,-0.4727,-0.881612406352798,0.8597,1.4077,-1.0956,0.062223459759569104,1.0405316
0.03887499999999999,-1.0282,-0.2394,0.9945,-0.2165249999999999,-0.16212499999999996,0.7712,-0.8972,0.68716186
1.381,0.4102,-1.374,-0.017600000000000005,-0.1227,-0.5873,0.7706,0.697,0.87709653
1.4357,0.9583,-0.1353,0.9386,0.37530895949401427,0.7753,0.4047,-1.3807,0.5322567
-1.3259,0.2867,-0.14147436073487615,-0.4951,0.5905,0.7008,1.0968,-1.3074,0.65810096
0.330025,0.5142,-0.448225,-0.2403,0.11730000000000002,-0.8632,-0.14500000000000007,0.0434,0.8863216
-0.5819,-0.785,0.0187,-0.7101500000000001,-0.1498,-1.3424,-0.553525,0.18377500000000002,0.8018083
-0.33852499999999996,0.9739,1.2042,-0.4012,0.2637250000000001,-0.21014999999999998,-1.5113,-0.2509,0.7108569
-0.8119,0.6814,0.15580302289724388,1.2646,-0.4504,0.2592,-0.2888,1.1053,0.7471236
-0.11657500000000004,-0.1149,-0.1495,0.157325,-0.4707,0.25702499999999995,-0.09622499999999994,0.1458,0.7387438
0.20964999999999998,-0.30962499999999993,0.5755750000000001,0.783725,1.0488,-0.9023,1.1465,1.2765,0.58717227
0.432,-0.928,-0.9889,-0.8997,1.4834,-0.5705,-1.0453,-0.926,0.91639155
-0.6475,-0.3308414250325785,-1.5018,-0.9048,0.6735,0.4264,-0.3186,1.5033,0.9779357
-0.7650750000000001,-0.6788,-0.047150000000000025,0.22762499999999997,0.2271,-0.0541,-1.0585,-1.2428,0.87102735
-0.3691749999999999,1.4178,-1.3491,-0.41990000000000005,0.9306,1.0939,0.5666,-1.368,0.8553453
1.4701,0.5794,-1.36,1.261,0.6049849550555702,-1.1552,-0.1903,1.229,0.8618128
-0.7651,0.0013,0.6938,0.3279,-1.3147,1.2382,-1.2404,1.1695,0.5324801
0.864,0.6386666163280112,-1.2922,0.7341,0.5431,0.7358,0.5502,1.5702,0.8977792
1.484,0.4985,0.7301,-0.1211,-0.1826736833953293,-0.7833,0.2993,-0.9292,0.59712636
0.7139,0.3487,-0.6422,0.0472,-1.3296,1.5187,-0.9412,-1.2774,0.66575485
-0.004949999999999996,-0.308475,0.4174,-0.421375,-1.4338,-0.6296,-0.554175,-0.082125,0.63566166
-1.3984,0.3348730836884449,-0.7247,-0.7709,0.9788,0.2897,-0.1503,-1.4358,0.9400376
-0.9275,-0.8103,-0.0897,-0.2158,1.3292,-0.6079818834463895,1.152,-0.988,0.7879378
-0.3414,0.7375,-0.4003,-0.8666,-0.16280000000000006,0.7102,0.5326,-0.13945000000000002,0.8677519
0.8742,-0.7941,-0.3137,-1.3804,1.4201,0.2487,-1.0453,-0.5281,0.85643977
-0.4281,-1.5335,-1.4035,1.0674,0.9452,-1.0433,0.0262,-0.37350000000000005,1.1905719
-0.4374,-0.45709976235073096,-0.7742,-0.3975,1.3096,0.1606,-1.4049,-1.0097481812806184,1.129604
-0.1029,0.3418333333333334,0.5662666666666666,-1.3266,-0.026,0.1801,1.147,0.4758,0.7074976
0.7717,1.0109,-0.4096806868110975,-1.444,0.3184,-0.8452609783333376,-0.672,0.5491,0.76478195
-0.3246,0.9585,-0.5045,0.43098514128283494,-0.6371918717430064,-0.9366,0.96,0.7168,0.87830406
-1.2139,0.3407,0.6199,-1.2141,-0.8071,-0.5019,-0.4169,-0.067,0.6020821
0.3497,-1.0873,-0.4547500000000001,0.887725,-1.2265,0.6052,-0.6046,1.115675,0.774619
0.30994999999999995,0.616575,1.5368,0.6926,0.9759,0.761925,0.037475000000000036,-0.6121,0.42124787
-0.7906,-0.9680666666666666,-0.7778999999999999,1.0639,0.1518,0.0072,-0.59215,-1.2359,0.91548806
1.1265,-0.748,-0.09883333333333329,-1.0704,-0.3104,-0.7958,0.29796666666666666,-1.1276,0.75028855
0.0544,-0.6094,-1.1113,1.1022,-0.421,-1.4409,-0.9392958574927103,0.9424,1.0189606
0.9582,0.16304999999999997,-0.9928,-0.04635,0.19444999999999998,-0.283275,0.3121,-0.458925,0.89151204
0.0314,-1.1826,0.8562,0.6864,-1.5648,-0.8821,-1.2874,-0.5505,0.37250674
0.17015,1.5268,0.7979,-0.0137,-0.1167,-0.8554499999999999,-0.4632,-1.5375,0.62041926
1.4873,0.2376,-0.2064,-0.1481,-0.9892,0.2487,-1.0453,-1.4153,0.52497613
-0.9328,-0.0413,0.13579999999999995,-0.48684999999999995,-1.328,0.0713,-0.0466,0.8331999999999999,0.6342721
0.7335,0.6291,-0.696,1.4179,1.5422,0.9327,0.9511,-1.2453996363058681,0.6847226
-0.36917500000000003,1.1755,0.7045,-0.41990000000000005,0.9306,-1.3084,-1.2881,-1.2514,0.572427
-0.199,0.4178,-0.7507,1.3885,-0.8070996403270327,-0.5018992567722975,-0.3104,0.3492,0.72338164
-0.9818190715437478,0.4704,-0.4158,-0.9416,0.5233,1.4238,1.5554,-0.5027,0.9618464
1.1743,-0.3172,0.25615,-1.0558,-1.335,-0.3242,0.17655,-0.2281,0.629392
-1.3833,0.7661,-1.0413,-0.2564,0.3972,0.0186,-0.8238,-0.3307,0.9927855
-0.553,0.3877,1.2851,-0.7429,-1.3641,0.2667,-0.2412,-0.35205000000000003,0.5113161
-1.3479,0.4333,-0.039,0.3932,0.4415,0.2486996898518055,-1.0452980426587088,1.1201,0.8034515
-0.0573,-0.4004,0.2119,-0.4869,-1.0699,-1.5049,-1.0726,-0.657,0.6209593
0.5814999999999999,-0.31539999999999996,0.3032,-0.211375,-0.7557,0.23224999999999993,-1.2177,-0.7357,0.6203436
1.2757,-0.10906601689941467,0.5402,0.1898,0.40605882380247116,-1.493,0.2235,-0.2166,0.63426363
-1.2491,0.0065,1.2102,1.1173,0.7626,-0.5942057996813529,-0.536,-0.6228,0.6929463
-0.8178,0.4697,0.801,0.8437,-0.5943429923078717,-0.5896,-0.5145846119605745,0.3182,0.63349587
0.7224,-0.5536,-0.4085,1.0365,-0.1157,-1.1672,-1.1036,1.3142,1.01655
1.0612,-0.0564,0.36602499999999993,0.17622499999999997,1.4961,0.921125,-0.0063,1.0641,0.74195075
0.29,1.0308,-1.1907,-1.2176,0.084,-0.008,-1.1843496245246428,-1.2288,0.8879596
0.3793,0.5095,1.0392,0.9047,0.2525,0.3337,1.229,-0.3679,0.35375258
-1.5181,0.3349,1.3034,-0.952,-1.3640948855424035,-0.2027,-0.1976,-0.3022656664990512,0.53793764
1.3122,0.0267,0.25126834136245924,-0.7659406986511167,-1.3305,-1.1663,-1.1617,-1.5607,0.5086789
0.34004999999999996,-1.2232,-1.2856,1.4945,-1.016625,0.14840000000000003,-0.1944,0.0751,0.6362354
-0.4281,-0.7104,0.1249,-0.9805,-0.2574,1.5646,0.5941,-0.37350000000000005,0.6892403
-0.463,0.4723,-0.0336,1.3142,-0.689,0.0009,-0.0333,-0.7245,0.6432748
-0.42315,1.5436,-0.1701,-0.41990000000000005,0.9298,-0.4235,-0.6541,0.6291,0.95426285
0.6055,-0.4438,0.9564,0.2885772569807064,-1.2525,-0.1384,-0.3829,1.0665,0.51599187
-0.45366666666666666,1.4033,-0.5192,1.4478,0.9842333333333332,-1.3928,-1.0232,0.1231,0.941748
-0.3152,0.6443196832174493,-0.0058,1.2997,0.9306,-0.624,1.5402,-1.4786,0.55220914
0.049,0.6854,1.3987,-0.4893,-1.3641,-0.7962,-0.8587,0.5413,0.5646354
-1.5292,-0.2385,-0.3212,-0.4963,1.34,0.2487,-1.0453,0.4897,0.9717852
-0.0243,1.4599,1.0692,0.1963247477574453,0.0484,0.7065,0.075,-1.1637,0.5506075
1.5395,-0.6292,-0.625,-0.624,0.2453,-1.3922,-0.4319,0.9353,0.9083383
-0.009550000000000003,-1.5407,-0.16707500000000003,0.24427499999999996,-1.0867,0.05545,-0.3274,1.3597,0.640728
-1.2318,-0.39155,-0.1441,0.1482,0.12079999999999999,-0.3509,0.0877,-0.40745,0.9458131
0.38393799466363654,0.7535,0.6899496920066159,0.2981,-1.2207,0.2057,0.6443,-1.5033,0.38611704
0.21225,0.3178,0.56065,-1.4037,1.1972,0.6915,0.6746,1.041825,0.6274262
-1.1875,0.5068,0.4876,-0.0585,1.1055,1.3941,1.0341455111365212,-0.5944,0.38849226
-0.3414,-0.2251,-0.7338,-1.3229,1.1393,-1.2986,-0.3458,-1.2454,1.1385607
-1.1818,-0.4571004166946166,0.9861,-0.6605,-0.5664,-1.0295,-1.1765,-1.0097497528092392,0.61754054
-1.1635,-0.0999,-0.9611,-0.5375,0.7639,0.12170036638928662,-0.5457,0.7228,1.0534954
1.5192,-1.0938,-1.2533,-1.4081,0.5128,0.1927,0.8144,-0.115,1.0867434
-0.3691749999999999,-0.4777,1.1766,-0.41990000000000005,0.9306,0.0837,1.3942,1.0283,0.51313937
0.685853854548354,0.1666,-0.8841,0.4417,0.236,-0.9242,-0.23460335321369313,0.0913,0.9081977
0.6224,1.4731,0.8187749999999999,0.21062500000000003,0.28535,0.030724999999999975,1.1798,-0.373725,0.5341928
1.568,0.6489,-0.7615,-0.49885,1.1399,-0.148325,-0.5395749999999999,0.5381,0.98117745
-0.4662,0.5095,-0.8459979917238997,-0.0837,-0.6629,0.3337,1.0743,0.8776,0.78099245
1.4625,0.5017523690864887,-0.1218,1.4463,-1.2072,-1.4133,-1.2548,-1.004,0.6598788
-1.0295,0.3494460076478994,1.549,-1.4745,1.0361500905505656,0.908,0.7619,0.2999,0.53750426
-0.3831,-1.1548,0.0259,0.401,-1.0749,0.2741,1.1426,-0.8829,0.618848
-1.4188,-0.32035,0.0018500000000000183,0.2187,-0.21902499999999997,1.4988,-1.3199,-0.256675,0.7294107
1.0776,-0.016333333333333335,0.684,-0.82525,-0.2686,0.8496,-0.0497,0.51005,0.56734014
-0.17114139290169025,1.2277,-1.5297,1.2937,-0.6467,0.8327,1.5126,-0.7399,0.58734286
1.3408,-0.535,0.5969,-1.1929,0.29082797894192075,-0.0363,-0.9099163189713585,1.1171,0.4946574
1.0478,0.3366810120918007,-0.938701339455407,0.1851,1.3858,0.0679,1.0328,-0.5722,0.9226199
0.0019500000000000073,1.4132,-0.162,-1.1304,-0.3824,-0.8794,-0.8937,0.049500000000000016,0.79340315
0.4683,-0.7042999999999999,1.0241,-0.985325,0.6582,-1.5598,-1.065025,-0.9234,0.6032096
0.3416,0.5095,-1.0094,-0.5348,1.4644,0.3337,-0.4075,1.1097,1.0745581
0.031597159650113504,-0.8389,0.2405,1.2641,1.3861,-0.7589,1.41,0.6371,0.7062455
1.2922,-0.974299427710671,0.5167,-0.1744,-0.245494499950442,-1.0172,-0.8114606509835904,-1.203,0.6268415
0.9486,0.1083,0.2183,0.352,-0.3047,-0.5588810574597691,0.9199,1.294,0.6402047
0.0291,-0.8297,0.25615,-1.0479,-1.2318,-0.0469,0.17655,-1.3562,0.626335
0.432,-1.0773,-1.3973,-0.8437,-0.0068,-1.3897,0.4262,-0.0832,0.9508225
-0.1277,-0.9962,-0.6542,0.8502,-1.2187,0.029725000000000015,0.5805750000000001,0.345025,0.7530752
0.3605,-0.3014,0.6292,-1.4401,-0.8071,-0.5019,-1.0384,-0.7175,0.5230041
-0.22760000000000002,-0.350575,-0.5533500000000001,-1.4083,-0.5898,0.21147500000000002,-1.2211,1.0565,0.8507745
-0.4281023283413449,0.4719,0.3706,1.1731,0.5413,-0.5336,-0.3821,-0.22390551280038812,0.72984064
-0.5373,-0.7835,0.8225,1.1784,1.0626,-0.4396,0.976,1.333,0.49882942
1.2384,-0.9596,-1.2142,0.6867,0.36924999999999997,0.018675000000000025,0.5722750000000001,-0.292325,0.9892752
-0.7887,1.4178,-0.3753,1.2282,0.141,0.2487,-1.0453,0.9917,0.9831131
-0.6967,-1.2594,0.24991165929767017,-0.8480855237030059,0.0483,-0.238,1.4657,-0.7517,0.71396744
0.0019500000000000073,-0.6068,0.5562,1.0824,0.2203,-0.8794,0.0723,-0.3821333333333334,0.67941916
1.4768,-0.9053,-0.0679,-0.7030525852826501,-0.9469969112736526,-1.1753,1.568,0.3177,0.5442398
-0.11390000000000003,-0.9119333333333334,-1.2567,-0.62995,1.5594,0.5691,-0.6049,-0.361,1.1241355
-0.4281,0.3137,-0.2775,-0.7709,0.1795,-0.7371319377193186,0.761,0.4984,0.8739969
-0.8155,1.1154,-0.17800302501280102,0.595,0.40024030495677276,-1.5611,-0.3,-1.1026,0.7957527
-0.31519980721599533,-0.5439,1.2761,-0.694,0.9305998790370039,-1.0328,-0.5661,-0.2059,0.60983026
-0.1587,1.5703,-0.9015991766077396,-1.4644,-0.7957,0.6868,-0.0244,-1.2453989513037138,0.8024205
0.3811,-0.4245,-0.6949,-0.613,-1.023035951394497,0.5434,0.2213226362429636,0.7338,0.7186674
1.1134,0.6919,0.9752,0.17622499999999997,-0.8709,0.5942,-0.475,-1.2539,0.43209055
0.7365,0.03897500000000004,-0.5259,0.7342,0.2398,-0.26805,1.3172,-0.38465,0.78348076
-1.1791,-0.3314,0.3589064866799693,-0.7653,-1.1714944399855316,-0.6878,0.9466,1.4881,0.6580208
-0.4281,0.5378,-0.606,-0.5216,-1.4311,1.2797,0.7794,0.4984,0.72404367
-0.945,1.1497,-0.1277,-1.4422,1.026,0.4048,1.1426,-0.5204,0.8135707
-0.2015,0.048,-0.7325,1.2477,0.2704789185912725,-1.3614,1.3932,-0.6079,0.79776895
-0.35283333333333333,-0.7542,1.0627,-1.4485,0.16569999999999996,-0.6052,-0.3036,0.51985,0.57038397
0.0842,0.09167499999999995,0.7083,1.2761,0.5018,-0.293425,1.0643,0.00835,0.5624928
-1.3633,0.1396,-0.5885,-0.64175,1.3076,-0.5791,-0.7841,-0.05487499999999999,1.1340435
0.9822,-1.1631,-1.3344,-1.266,-0.5023890854826993,1.5286,0.5283,-0.6117,0.87038255
-0.4003,0.2787,1.2883,0.294,0.3229,-0.1886,-0.3367,-1.1459,0.58821076
-0.6107,-1.3893,-0.0617,-0.5546,0.13760000000000003,-0.3301,0.1553,0.9837,0.9266184
0.5752,-1.1636,-0.8611333333333334,-0.2337,0.14287499999999995,-0.9675750000000001,1.4965,-0.3623,0.8264261
-1.0664,-1.45,-0.7492,0.2003,-0.4747,-1.0747,-0.9711,-0.2334,1.007033
0.2522,-0.89,0.2204,0.7520990984668912,-0.7174,-0.8812989115398085,-1.305,0.1606,0.75518304
0.19535000000000002,-0.9119333333333334,-0.5137,-0.05756666666666663,1.0096,-0.725,-1.1828,-0.3216,0.9615022
-0.4941,-0.07952499999999998,0.21534999999999993,-0.01972499999999998,0.7787,0.5255,0.2222,0.344475,0.71789384
-0.2415,0.5709,-0.9627,-0.311925,0.02394999999999997,0.3805,-0.06774999999999999,0.3441,0.88154113
-0.39292499999999997,-0.0277,-0.0548,0.6458,-0.21652499999999997,0.5372333333333333,-0.3094,0.5281,0.78133774
0.1307,1.5245,-0.8276,-0.46692500000000003,1.2324,0.0019333333333333425,-1.083575,-1.1126,0.9709866
-0.7511,-1.0154,0.3736,1.3367,-0.07579030034838688,-0.5211,-0.7691193802974252,-0.313,0.81031555
0.0083,0.4596,0.598,0.2016,1.4468,-1.1749,1.0302,-1.3149,0.5309758
-0.4899,-0.16669999999999996,-0.3281,1.437,-1.01895,0.1159,-1.052625,0.9567,0.85539675
-0.9003,0.3184,0.9535250000000001,0.13142500000000001,-1.2745,0.488575,-1.2785,0.42919999999999997,0.6619241
1.2862,-0.8454,0.4383559726693317,0.6306,-1.3641,0.9104,1.3124,0.5413,0.3153343
-0.2435,0.1967,-1.5153,-0.5289719009001592,-0.0349,-1.0716,-1.4208,1.3415,0.9301711
1.4107,0.005,-0.8299,-1.2416,0.662,1.1196,-0.2906,0.4122,1.0094869
0.16834999999999994,1.3365,-0.18605000000000002,-0.8455,1.092,-0.770175,-0.24454999999999993,-0.1081,0.920033
-0.31519965104727227,-0.6136,-1.3385,-1.1501,0.9305994428854414,0.5368,-1.071,-0.3609,1.1152072
-0.9498,0.9979,1.3661,-0.3021,1.2512,0.02972500000000001,0.5805750000000001,-0.14232499999999998,0.59706306
1.419,1.3497,0.3915,-1.0309,0.6926,0.9211,0.8068,-1.3961,0.4194304
1.2474,0.0438,-1.4022,-0.23449550103203828,0.2934,-1.1663,0.772,1.5626,0.85507125
-0.0959,-0.7211,0.730175,-0.1755,-1.3067,-0.5980500000000001,0.610275,0.3893,0.546916
1.03,1.1776,-0.19947499999999999,-0.4856,-0.31547500000000006,1.4626,-0.39825,-0.44965,0.6992948
-0.26930462670863137,0.0454,-1.1987,-1.323,0.8746,1.3266,1.358,-0.6885,0.9191709
1.2591,0.2653,-0.1386908194135759,0.936375,0.006750000000000005,0.4684,0.34298038105162953,-0.8739,0.5021349
-1.4047,-0.4262,0.5703,0.5223,0.737225,0.23454999999999998,0.5499,-0.14564999999999997,0.70046854
1.1134,0.9284,0.7108,-0.8567,0.0103,-0.514,0.0753,-1.237,0.6152228
-0.209475,-0.15260000000000004,1.1298,-0.057425000000000004,1.09395,1.1519,-0.5353749999999999,1.253,0.6308833
-1.0746,0.04138866567227772,1.0314,-0.20388424664822946,0.806,-1.4985,0.8286,1.0784,0.48325622
0.6224,0.01155000000000006,1.0804,-0.5899,-0.8325,-0.2068,0.10435,-0.0206,0.53321004
-1.3217,-0.12652500000000003,0.5503,-0.19842499999999996,1.0227,0.6601,0.9506,0.345275,0.6946037
0.12853496237387477,-1.1696,0.9113,-0.3682,-0.5615,-0.8831,-0.6683,-1.5031,0.511335
-0.2435,0.38875,0.42257500000000003,0.136,-0.6648,0.2685,-0.58125,0.141225,0.6504659
-1.2476,1.2997,1.3529,-0.9774,-0.338,0.6525,0.7535,0.5564,0.560763
0.8581,0.813,-0.8969614239098319,-0.1133,0.189,1.3368,-1.5641,-1.1475,0.84285545
-1.2392,0.5109293143916552,0.20817627224206606,-1.3815,-1.4921,0.3465184895486461,-1.494,0.5789,0.6091163
0.16807500000000003,-0.50505,-0.5955,0.3565,0.1608,0.027874999999999983,-0.33335,1.3972,0.9173933
0.3592,0.5095,1.2022,-1.0406,0.764,0.3337,-1.4685,-0.6866,0.6692998
-0.4347,-0.39840000000000003,-0.0303,-0.0008749999999999938,-1.1865,0.11810000000000001,-0.7284,-1.0838,0.62801826
-0.0953,-0.7271,-1.3556,0.19894999999999996,0.14414999999999994,0.26585,-0.4765,-0.63895,0.9596293
0.5518641631430435,1.433,-0.68737044034033,-0.8632,1.4193,-0.8958658085518411,-0.4732,-0.5017,0.920651
-0.7046,-0.1518,-1.0031305513366644,-0.9088,1.0092831525937545,-1.323,-1.1692,1.2134,0.9390168
1.4157,0.2889,-0.42694045357150834,-1.2784141928172987,-0.34703951063235916,0.9221,-1.199,-0.9915,0.67914253
-0.4116,-1.4237,-0.9239,0.7521,0.5439,-0.8813,-1.1048,0.1338,1.2836547
0.12885000000000005,0.7912,-1.5086,-0.8703750000000001,-0.595,0.8756,-0.396425,-1.1822,0.74256647
-0.26835000000000003,0.06530000000000002,0.5475,-0.53735,-0.4522,0.28367499999999995,0.4697,-0.6125,0.6238391
-0.2185,0.352025,-0.8083,0.0447,0.7735,-0.7808666666666667,0.968,-0.24365,0.8884927
-1.2214,-0.6103,-0.3947,-1.4081,-1.5701,-0.4058,0.0061,-0.4918,0.8717162
-0.0495,-1.45,1.0128,0.3599,-0.4535,-1.2655,0.08575000000000005,-0.5204,0.6560503
1.2158,-0.4804,0.5263,0.7521,0.5205,-0.8813,0.4621,-0.8099,0.6312864
-0.2494,-1.45,-0.6928,-0.8018,-0.4837,0.9658,-0.9711,0.5647,0.81814355
0.2009,0.77245,-0.10402499999999998,-1.4081,-0.469175,-0.46645000000000003,-1.22225,-0.115,0.7649176
-0.5809,0.5095,-0.5069,0.6386,1.293,0.3337,-0.605,-0.7683,1.0075622
-0.128,0.3352,-0.027566395939051403,0.2123,-0.8157,-0.1357,1.3043,-1.4591,0.5563311
1.1986,-1.1179,0.968,-1.1208,1.1024,-0.3691,0.7358,-0.8224,0.64278287
-0.4281,-1.2876,0.9601,-1.1834,-0.9178,-0.7914,-0.4135,0.4984,0.55442446
-0.8368,1.1798,0.2694,0.7521,0.1331,-0.8813,-0.6441,-0.5202,0.7898692
-1.5518,-1.2748,0.43999999999999995,0.2446,1.0006,0.871825,-1.4339,0.23142499999999994,0.8922669
-1.2589,-1.45,-0.6908,-1.2458,0.7344,-1.5578,-1.0650249999999999,1.461,0.83665633
-0.47245000000000004,-0.08999999999999997,0.070525,1.061525,1.1819,0.1266,0.6649,-1.5304,0.6275355
-0.31520029371146197,-0.9725567101861856,-0.3383,-0.7469,0.9305937098827122,-1.4559,-1.5395,0.5221,0.92110735
0.527,0.712,-0.31398977305701636,-1.041,1.2647,-0.6289521913935415,1.021,0.7962,0.9144593
0.6443,0.5095,-1.2845,0.5842,-0.7338,0.3337,1.3972,1.0968,0.7134663
0.7932,-0.7471,-1.155,-0.025951598932161514,-1.4526,-0.9927,0.329,-1.3623,0.7400456
0.965,0.7036,0.5919804618513712,1.546,0.3296,-0.3546,0.5782,-1.3302,0.44815174
-0.8368690948038241,1.4,0.15688752283459556,-1.3735,0.055,0.4488,1.5578,0.5906,0.7605171
-0.3152,-1.0297,-1.2873,-0.7646,0.9306,-0.8219,1.0267,-0.5504,1.1579554
1.4465,-1.242,0.5974,-0.0364,-0.083,-0.015517011434265713,0.5805750000000001,0.48638634894139976,0.55591106
0.8698,0.6312,0.3194,-0.0839,-1.3641,0.1834,0.3473,0.5413,0.5171345
0.6537,0.04140030078523689,-1.2591,-0.2039001327688584,-1.148,0.7838,-0.0222,0.7863,0.673018
1.4487,0.1176,-0.1844,1.0597,-0.8285,-0.5967,0.19265606990482828,1.0952,0.62286747
1.3181,0.5644617435861466,1.0845496019465757,-1.0394,-0.682,-0.7127,-1.2613,1.2378,0.54529095
-1.4734,-1.1103,-0.8339,1.0287,-1.3640980705967238,-1.4303,-0.0227,-0.7787066987989398,1.0732704
-0.3322,0.8878,-0.9736,-1.1818,1.0022,0.9919,-0.8906,-1.0876,0.9767347
-1.4326,0.5079,0.4412109403322801,0.1342,-1.3640987370205773,-1.5499,-0.4781,-0.3022647228377764,0.6025944
0.7913,-0.0636,1.2081,0.1702,0.41569999999999996,-0.03872499999999998,1.0860500000000002,1.1705,0.41292104
0.0113,0.13687499999999997,0.4784,0.6271,0.44877500000000003,-0.08590000000000003,-0.8154,1.3177,0.765667
-0.0311,-1.1498,-0.5347,-0.648025,0.06024999999999994,0.210975,-1.13,0.28345,0.93279696
-0.42505603940958214,1.2398,0.4246,0.0618,1.038,0.0724,-1.3013,1.0627,0.7090127
0.956,-0.5689225615756384,1.1098155896412247,-0.0795,-0.07035554594480935,-0.7246,0.7871,-0.3344,0.50452995
-0.8675,-1.3091,-1.115,0.7334,-0.46140000000000003,-0.6793999999999999,1.2833,0.45740000000000003,0.9254775
1.4487,0.1176,-0.1844,1.0597,-0.8285,-0.5967,0.19265606990482828,1.0952,0.62286747
-0.9844,0.29796666666666666,0.8771,0.0657,-0.2905,-0.7397,1.3827,-0.33933333333333326,0.46774635
1.0185,1.0015,-0.4601582987467347,0.7502,-1.1901,1.476,-1.5686,-0.1315,0.58777046
0.6429,-0.45709876623190016,0.4587,-0.0775,0.0869,1.0005,1.4326,-1.0097499469676086,0.35614854
-0.128,1.1749,-0.027566395939051403,0.2123,0.97,0.6935,0.8491,1.5448,0.6213979
0.5118,1.0658,1.3953,-1.4829,-1.5359,1.2609,1.1426,-0.8829,0.3708919
-0.5877,0.8183,0.275475,-0.253,-0.9511,0.30954999999999994,0.261,-0.1497,0.61411494
0.0157,1.0374,0.1078,-0.3031,0.7551,0.14838871066228437,0.723,0.9741,0.78897226
1.2466,-1.3488,0.3342,0.7257,-1.3737,0.9763,-1.4233,-1.2454,0.47430578
-0.1254,0.7502,0.7063193942052964,-1.1716,0.983,1.3697,0.6114,-1.0228,0.6495534
1.11,-1.4745,-0.2871,-0.6266,0.5875,0.22408287666278817,0.9765,-0.5443,0.95517683
0.2496,-0.2656,0.2836,-1.2458001185067589,-0.6728,0.8333,-1.0963319359035044,-1.4868,0.5077172
-0.5079,-0.4570990724498795,-1.2778,0.312,-1.5661,-1.3692,0.9995,-0.9197395941190003,0.82034326
0.20964999999999998,-0.30962499999999993,0.5755750000000001,0.783725,1.0488,-0.9023,1.1465,1.2765,0.58717227
0.3452,-1.2767,-0.62805,0.1342,-0.8137,1.2441,-0.3709,1.08,0.7329435
0.0699,0.602975,-0.1347,0.2191,0.3903,-0.552325,-0.8898,-0.6113999999999999,0.9125401
0.8217,0.5502,1.1035,0.7972,0.3621,-0.3691,1.2885,-0.3994,0.39172137
-0.4746,0.596,-0.51825,-1.2778,0.718725,0.30460000000000004,-1.1992,-0.021375000000000005,0.9817566
-0.1619,1.1959,0.745,-0.0368,-0.9258,0.3648,0.6127,-0.3805,0.51000094
0.1308,0.4102,-1.374,-0.017600000000000005,-0.7745,-0.8602,0.7947,0.3655,0.7447412
-0.4886,-0.48245000000000005,-0.05445,-0.06565000000000004,0.33005,-0.2818,1.3863,1.55,0.7459823
1.3978,-0.9852787393083904,-0.08079019415666021,-0.9273,-1.4838,0.2296,-0.6964,0.5202,0.47858688
0.0019500000000000073,1.2262,-0.8603,0.6246,-1.2943,-0.8794,0.4564,0.049500000000000016,0.6289786
0.4987381106370641,-0.781,-1.4913,0.5574,1.2855,-0.0842,-0.8124,0.4011,1.2733595
-0.9226,0.04140007039738024,-0.6337,-0.20389981043844982,-0.23415705249054206,0.3203,-1.5083,0.6004,1.0354457
0.077,-0.627,0.43999999999999995,0.1745,0.8539,1.2854666666666665,0.7364,1.2745,0.55351967
-0.9728,0.9731,0.0686,0.4054,-1.3641,-1.2465,1.1426,0.010450000000000015,0.6226076
-1.0062,-0.3913,-0.21103333333333332,-1.0617,-0.3657,-0.1185,-0.39353333333333335,0.225,0.7644885
0.956,-0.5689225615756384,1.1098155896412247,-0.0795,-0.07035554594480935,-0.7246,0.7871,-0.3344,0.50452995
-0.2415,0.7801,0.0082,-1.261,-0.3980333333333334,0.4718,1.0132,0.29035,0.7128139
-0.1456,0.3041,1.5635,-0.2041,1.4962,0.046900410721266696,0.2015,-0.8546,0.63185704
0.9516,0.2632,0.5639,0.6366,-0.2894333333333334,0.34252499999999997,1.2614,1.5157,0.45970064
0.4522,-1.0841,-1.26,0.5034,0.6178,-1.4091,1.0616,0.4696,1.007784
-0.6605,-1.3607,1.392,0.3253,0.6371,0.4619,0.5905,-0.1763,0.35211337
-0.525825,-0.1435,0.710675,-0.19537500000000002,1.165475,0.1871,-0.4502,1.3574,0.7090535
1.2953,1.2145,0.1524,0.576353070967052,0.22520974647493786,-0.7636,-0.258,0.6184,0.84169817
0.9649,-0.4501,1.1042,-0.3898,0.8379,0.1918,-0.3875503512244767,-1.4152,0.42693177
-0.6678,0.8991,-1.0145,1.5073,-1.269,1.4371,0.3312,-0.752,0.57774407
-0.128,-1.1865,-0.027566395939051403,0.2123,-1.3065,-1.3929,0.1608,1.2124,0.746506
1.1519,-0.3768608784453668,1.2541,1.3356,1.542,0.0855,0.1168,-0.7764,0.5382489
1.204,-1.3491,-1.1127,0.4981,-0.1572,-0.5192,0.9439,-1.2465,0.8454219
0.432,1.3073,-0.828,-0.327,0.5559,-1.3897,0.8903,-1.0141,0.8900313
-1.3666,-0.3393331632545672,0.604,-1.1079,1.182,-0.3644,1.0791,0.7067,0.7783873
-1.2133,-0.10992500000000002,-1.3022,0.3932,-0.2564,0.14905000000000002,0.5991250000000001,-0.2026,0.87682474
1.5623,-0.6699,0.7296,1.3194,-1.4345,0.678,0.6313721716057086,0.6531,0.42423618
0.8739,-1.45,-0.9626,-0.265,-0.9364,-1.2073,0.08575000000000005,-0.5204,0.7083202
-1.0752,1.4475,-0.3682933520417616,-0.565525,0.8109,-1.4624,-0.30350669188434287,-0.5406,0.98984957
-0.7471,-0.3308,0.7372,1.1133,-0.10674963398772287,0.33634732407011797,0.022681539375293075,-0.7328,0.48815742
-0.5135,-1.5136,0.61825,-0.08290000000000003,-0.21,1.4285,1.3627,-0.7128,0.53588057
-1.2459,0.38592499999999996,-0.0146,0.2116,0.14790000000000003,-0.037975000000000037,-0.4738,0.004650000000000001,0.80915594
1.3014,0.3491,-0.4156,0.3773,0.1035,0.8999,0.04489502286361929,-0.4322,0.7994081
0.2747,0.3525,0.15834920847799716,-1.4945,0.454,-0.6810146746053858,1.2948,-0.2924,0.7791182
-0.7306,-0.3308,0.516,1.0683,1.0915,-0.9933,-1.0232,-0.5484,0.87434167
0.271,1.5603,-0.875,-0.7265250000000001,-0.47315000000000007,-0.0682,-0.7480500000000001,-0.4631,0.73015285
0.432,-1.279,0.3479,-0.5034,-0.3594,-1.3897,-1.2792,0.5802,0.60717016
0.9003,-0.9076,-0.2110333333333333,0.989,0.4125,-1.0334,-0.39353333333333335,1.567,0.77856404
-1.5158,0.6321,1.537,0.9091,1.0518,-0.0387,-0.7976,1.3389,0.47012118
-0.37140000000000006,-0.1972,0.3043,-0.0146,-0.16675,0.097,0.151475,-0.0299,0.77322286
0.9486,-0.5871,-0.30260000000000004,-0.5678,0.8803,0.718875,0.21485000000000004,0.1919249999999999,0.80743545
1.0725,1.1222407587684873,0.04340713367190014,0.5446,0.6528399230606026,-0.9876,1.0252,1.426,0.80009156
0.0971,1.2885,-0.9049,0.622,-0.8071,-0.5019,-1.4574,0.583,0.90636766
-0.3152,1.0981,-1.2047,0.1817,0.9306,0.7269,0.4724,-0.2822,0.9175777
1.5067,1.077,0.41404620398613384,-0.4475,-0.9903,0.0952,1.5097,-1.2454,0.49138302
-0.1766,-0.1938,1.0004,0.6821929799107397,1.1583,-0.3752,0.8889,-0.6065,0.4906073
1.2742,-0.0314,-0.122,0.3380875071710436,-1.5403,0.1325,-1.0172,-0.0176,0.50304496
0.3109,-0.45709908707760555,1.4805,1.1661,-0.7721,-0.3816,1.1328,-1.0097489593786735,0.39328545
-0.3572,-0.11943927152071465,-0.8936,-0.474,0.21205043253366077,0.1877,0.4208,0.9721,0.9605506
-0.3330181945240909,0.06353092113082176,-0.2062,-0.2417,-0.7316,1.0271,0.6827,0.876,0.71950287
-0.13202500000000011,0.5034,-0.7448,-1.04565,-0.5153,-0.7539,1.2148,0.40342500000000003,0.73022956
-1.5224,1.4478,0.4158707412047952,0.7951,0.0095,-0.8666,0.5924,-1.2952,0.5524182
-1.2911,-1.1941,-0.09883333333333333,0.1573,-0.3104,1.5252,0.29796666666666666,-0.7822,0.64665014
0.5439,-0.8598,-0.1057,-0.1769,-0.4901,0.3033,0.614,-0.0431,0.6433997
-0.349975,0.3433,-1.2206,-0.334,0.3838999999999999,0.6901,-0.5246,-0.256475,0.91177946
0.4683,-0.7042999999999999,1.0241,-0.985325,0.6582,-1.5598,-1.065025,-0.9234,0.6032096
-0.309675,-0.046375,0.7279,-0.09009999999999996,-0.932,-0.5454,-1.2869,0.7732,0.6591162
1.1619,1.3388,0.6153,-1.4082,0.0343,0.1082,-0.6997694142476422,-0.1345,0.55848116
-0.4281,-0.4570997108972017,0.8156,0.1324,-0.8408,-1.203,-1.5183,0.4984,0.69840074
-0.9013,-0.07397500000000003,-0.2936,0.592,0.037375000000000005,-0.33592500000000003,-0.015574999999999978,0.826625,0.9638686
0.7983250000000001,0.3329,0.5938,0.649675,1.009,-1.3493,-0.803075,0.14407499999999995,0.644544
-0.7005,-0.5405,-0.4385,0.8036,0.5915,0.007900000000000004,0.6415,-0.323575,1.0243416
0.8484,1.2886,0.1344,-0.2674,0.3399,-1.1096,-0.4351,-0.2533,0.74247587
0.7894,0.005150000000000002,-0.16949999999999998,0.16095,1.4108,-0.42595,-0.164,-0.0469,0.86938703
0.7236,0.8374,0.3278,1.2754,-0.3395,-0.9504,-0.10721670331569993,1.1609,0.66393024
-0.575,-0.7219,0.1784,0.9433,0.34879999999999994,-0.22499999999999998,-0.2401,-1.3712,0.73532975
0.0007999999999999674,-0.6644749999999999,0.5316000000000001,0.8993,-1.0985,0.9301,0.6924,0.49702500000000005,0.37597653
-0.9288,0.8824,-0.7292000000000001,-0.554825,0.7291,-0.1957000000000001,-0.24035,-1.4682,0.8621104
-0.9198,0.4628,0.242,-0.2099,0.6936,-0.2896,-0.35012069815725516,0.6967,0.82946384
-0.1538,-0.6183,-1.0191,-0.6939249999999999,-0.239525,-1.1933,-0.7277,0.021600000000000008,0.8903616
0.44252500000000006,-0.14825000000000002,-0.05350000000000002,-0.5029,-0.373325,-0.4869,0.26965,0.4099,0.6911122
0.6224,0.01155000000000006,-0.3578,-0.8438,-1.0493,-0.8538,0.10435,-1.0485,0.59141874
0.6178,0.5095,-0.7377,-0.7915,-0.8353,0.3337,-0.1048,1.2285,0.6566945
0.548975,-0.396375,0.34607499999999997,0.378225,0.1183,0.8876,-0.0641,0.5251999999999999,0.6650006
-1.3468,1.4374,0.153,0.7521,0.0191,-0.8813,-1.244,-1.4104,0.61197764
-0.8861,-0.0402,-0.5391,-0.5955,0.6334,1.1524,0.4773,1.3839,0.9884724
0.6539,1.443,-0.09883333333333333,-1.2689,-0.3104,0.2759,0.29796666666666666,-1.1402,0.7315106
0.5298,-1.2381,1.4573,-1.308,-0.8071,-0.5019,1.2987,-0.8248,0.42773944
0.05960000000000004,-0.7562,-0.49324999999999997,-0.6158,1.0515,1.2406,-0.38167500000000004,-0.5704,0.98783517
-0.31519999198594406,-0.0445,-0.7405,0.4038,0.9305986856193141,-0.7707,-0.763,0.5162,1.0322007
-0.6371,-0.469175,1.1699,-0.5736,0.6014,-0.55,0.48382500000000006,0.444625,0.69063747
-1.2392,0.5109293143916552,0.20817627224206606,-1.3815,-1.4921,0.3465184895486461,-1.494,0.5789,0.6091163
-0.20434999999999998,-1.0122,0.6910499999999999,0.23965,-0.4614,-0.21989999999999998,0.051525000000000015,0.5175,0.60921997
-0.8155,1.1154,-0.17800302501280102,0.595,0.40024030495677276,-1.5611,-0.3,-1.1026,0.7957527
0.5573,-0.0282,-0.266475,0.3636,1.5554,-0.15035000000000004,-0.45815,-0.438,0.86176413
-0.253,-0.4833,1.0205,1.1115,0.15265378351499054,0.4221,-0.8962989562887438,-0.9469,0.5969687
-0.4281,0.09215,-0.533175,-0.46849999999999997,-0.143975,0.922625,-0.165725,0.4984,0.92490655
0.2584,1.4873,0.2531,-0.442925,0.3804,0.0019333333333333425,-0.714375,-1.2443,0.72784305
0.6223966903375556,0.4987310969888442,0.8279,0.8449,1.5505,1.402,0.4628346826705053,-0.8002,0.36897156
-0.6217,0.9701,-0.9134,-1.2107797837437293,-0.3227,-1.5698,1.3126,-0.1413,0.94851965
-0.2216,0.296,-0.6951,-1.2457997811456176,0.9432,1.5596,-1.0963331322956489,-0.298,0.8040469
0.4933,-1.1716,0.32,-0.6209,-0.8908,1.4214,-1.1221,-0.8188,0.5453888
0.2329,0.749,-0.30291641738439967,-0.371,-1.0688,-0.3258,0.9487,-1.3192,0.57605577
-0.932,0.643,-1.0822,-1.3941,1.0282,0.5417,-1.2295898261453062,-0.7749,1.0412401
-0.7394,0.3574,0.6699503821067255,-0.8153,-1.5631,0.01788143486708451,-0.9118,1.5357,0.35771164
0.0809,0.0414,0.6995,-0.2039,0.9579315759583908,-0.0484,-0.7578,-0.1049,0.7486906
1.3147,-0.658142718234576,-0.1011,-1.4729,1.1054,-1.4932,-1.1605,-1.3332,0.6431965
0.4538,-0.8045249999999999,-0.4688,0.2642,0.8915,-0.17964999999999998,0.22127500000000005,0.11200000000000004,0.9230882
-0.28315,-1.4625,0.0215,0.082325,-0.7273,-1.103275,-1.2735,-1.3469,0.8917461
-0.2635591021346192,1.44,0.5498,1.4591,-0.1458,0.1446,1.3607,1.1709,0.48602423
1.4625,0.5017523690864887,-0.1218,1.4463,-1.2072,-1.4133,-1.2548,-1.004,0.6598788
-0.8883,-0.9361,1.4402,-1.3871,-0.9272,0.3536,-0.5716,-1.2454,0.53036714
0.20964999999999998,-0.30962499999999993,0.5755750000000001,0.783725,1.0488,-0.9023,1.1465,1.2765,0.58717227
0.5795,0.0149,0.5701,1.3007,0.626,0.2659,-1.3064,-0.8393,0.7449401
-0.32230000000000003,-0.4013,-0.52,-0.1265,-0.030000000000000027,-0.27935,0.07579999999999995,-0.4072,0.9420344
0.6224,0.01155000000000006,0.3932,-0.8571,-1.136,1.5102,0.10435,0.0891,0.5155294
1.3142,-0.0435,0.7576504731763123,-0.36543495160802725,-0.2005,0.8118,1.084,0.7006,0.5879849
-0.5556495791352115,-0.5255853290804062,0.27665018236446726,-1.1071,-0.979,1.3563,-0.7114,0.8332,0.67974454
0.925,-1.45,1.2506,-0.4857,-0.3148190059318664,0.31874912581610787,-0.9711,-0.8897,0.54610705
-1.218,-0.9677,0.2052,-0.4526,-0.862,0.003498936251104716,0.5123,-1.2428,0.6475421
-0.7244,0.7918,0.4672,-0.852,0.1557,-0.3691,1.2937,-0.3994,0.6718345
1.0074,-0.8305880878963351,0.7041,0.2287,-0.9634620500420964,1.1305,-1.0634,-1.3925,0.40748084
0.6785,-0.486925,0.4154,-0.1502,0.398525,0.039374999999999986,0.2288,0.09672500000000003,0.70033693
1.4701,0.5794,-1.36,1.261,0.6049849550555702,-1.1552,-0.1903,1.229,0.8618128
0.2223,-0.8562,-0.6889,0.2127359359603241,0.9481342703398052,-0.7492,0.6116,1.543,0.88754475
-1.2279,-0.5454,-0.4558576724729909,1.4402,0.5323,-0.5964,-0.4397,0.688,1.2035217
-1.5292,1.4435,-0.9802,0.142,1.4853,0.8177,-0.18263506495023385,-1.3277,1.03693
-1.3281,0.6718,-0.1609,-0.1076,-0.5176,-0.23202560005302428,-0.2621,-0.914,0.7775928
-1.0793,0.1916350633166917,0.6655995617144796,-0.8413,0.693,0.1797,0.0037,-1.074,0.6725502
0.21271236491648224,0.9455,0.9802,0.9716,-0.3306,0.3183,-0.66,0.3778,0.56451046
-0.42315,-0.5881,0.0496,-0.41990000000000005,-1.547,-0.6365,-1.5307,-0.08,0.8201442
0.03352500000000003,-0.72185,0.7651,-1.029925,0.08439999999999998,1.1869,-1.527,0.9683,0.68288857
0.6242,-0.2327,-1.0757972123800343,-0.7069,-1.4262,0.0812,1.0911,-1.2454,0.7227142
1.5695,0.2632,0.3324,0.7606,-0.2894333333333334,0.34252499999999997,0.7655,0.6372,0.4483643
0.342,0.9718,-0.9308,0.8963,-1.3641,-1.1604,1.1426,0.010450000000000015,0.6720735
-1.5099,0.2613,0.9313,-1.4082,1.2609,0.20917005411952472,0.4943,1.3014,0.6664145
-1.5404,0.04139997294195115,-0.945,-0.20389956404991194,-0.5893980363495714,-0.6197,0.2962,0.8364,0.90054786
0.0971,-0.6802720935583579,-0.9495765467557716,0.2769,0.8069,-1.353,-1.0596,0.8236,1.0456485
-0.5677,0.7391,0.745,-0.0548,-1.3783,-0.7272,0.87765,-0.5204,0.4783371
0.149,0.9785,1.1743,-0.4201666666666666,0.1613,0.3646,-0.09056666666666668,0.44106666666666666,0.59004486
-0.5650499999999999,-1.4231,-0.0617,0.8014,-0.237825,-0.7465,1.3689,0.51985,0.68904465
1.2987,-0.965,-0.240175,-0.16475,0.053,1.3729,-0.59335,0.938,0.8317297
0.16370726659826826,0.4525,-1.053,1.4133,0.7765,-0.8423038141538292,0.7252,-1.5242,0.74677205
-0.838,1.3897,0.5537,0.7521,-1.0259,-0.8813,-1.4017,-1.2461,0.76475817
-0.8933,1.5185,-0.28793068951939255,0.2034,-0.6872,-0.7024,0.4158,0.3411,0.7755058
-0.118,0.3844,1.4805,-0.3648,1.5706,-0.310325,-0.9387,-0.2621,0.595338
-0.5984,0.2777,1.0612,1.079,0.5865,-1.3583,0.2363,1.3096,0.6758241
1.3572,-0.9898,-1.1492,-1.095,-0.0021333333333333573,0.5007,0.5520999999999999,1.5632,0.77661395
-0.0654,0.2411,-1.0614,0.7736,-0.8926,0.029725000000000015,0.7174750000000001,0.345025,0.6057817
1.0884,-1.2022,-0.33081027822708997,-1.5393,-1.0638,-1.4006,0.2342,1.1971,0.6163281
1.2923,0.01495288002162759,-0.1002,0.5654,-0.1896,0.5326,1.4024,-1.2766,0.56010646
1.2135,-1.3262,-0.072,1.5701,0.5853,0.24870010419354024,-1.04529703580295,1.4087,0.89054334
0.9202,-1.449998079753197,0.7623,1.4831,0.7897,0.2759,-0.9710948090779057,0.5234,0.6219738
-0.21654999999999996,-0.45,0.2949,0.2368,-0.21652499999999997,0.5372333333333335,-0.2352,0.3229,0.6575012
1.2491,-0.9680666666666666,-0.549725,1.0563,-0.6551,-1.0667,-0.27362499999999995,-0.1528,0.89140135
0.0019500000000000073,1.2262,-0.8603,0.6246,-1.2943,-0.8794,0.4564,0.049500000000000016,0.6289786
1.3155,-1.1993,0.6504666202788099,-1.2881,1.2094,0.6474426297125311,-0.9656,1.0664,0.59468925
-0.8753,-0.2265,1.1871,-0.3639,-0.1249,-0.44752100448256066,-0.273,0.3243,0.64645594
-1.3674,-0.8922,0.5907,-0.5527,-0.9335571138072569,0.9101,0.8248847182635797,-0.43307451612660486,0.52881855
-0.43174999999999997,-1.4355,0.306425,-0.287225,-0.6254,-0.6900999999999999,1.1074,1.5242,0.48475185
1.532,1.1112,0.08324999999999999,0.0042,1.12995,1.0365,-0.0262,-0.026,0.84121853
-0.5079,-0.4570990724498795,-1.2778,0.312,-1.5661,-1.3692,0.9995,-0.9197395941190003,0.82034326
-0.3494,-0.5542,0.932,0.8118,-0.7477,-0.7044,-1.1956,-0.5373,0.7405302
0.3695,0.1135,-0.5318,1.2536,-0.6069,-0.125,-1.046,-0.7716999999999999,0.70356256
-0.3127,-0.0909,1.2467,0.2248332122478044,0.6478358315029047,-1.3832,1.0666,-0.6313,0.4914637
-0.9033,0.7757,-1.1892,0.1222,-0.7623000000000001,-0.83455,-0.1393,0.9277500000000001,0.93759793
-0.3238,0.041399657874446674,0.567,-0.2039020737802296,0.3775569503633889,-1.4161,0.4036,-1.2825,0.69114953
-0.4281,-0.7902,0.05706798707149005,0.7603,-0.7922,0.0993,-0.0197,-0.37350000000000005,0.6936721
-0.2693,0.3283,0.389,0.1114,-0.6311,-0.36909874842990686,0.8557,-1.2454,0.428157
-0.2542,-0.3418,-1.1035,0.0504,-0.8071,-0.5019,0.0857,-1.556,0.76122516
1.3122,1.0484,-1.32,-1.0893,-0.31637443055276343,1.2541,-0.541,-0.9319,0.6947156
1.0115,0.602975,-0.2127,1.3487,-0.6145,-0.6637249999999999,0.2797,0.3394,0.7328209
-0.6107,1.3985,-0.0617,1.4943,0.13760000000000003,-1.4923,-1.3874,-1.2454,0.70132196
-0.5556506579068442,-0.525585408219508,0.276648897269798,-0.6561,-0.9883,-0.794,1.5146,0.6069,0.7316985
-0.41356176276914897,-1.3919537747074533,1.2564,-0.9355,-0.0412,-0.8632,-1.05,-0.495,0.5751512
0.2715,-0.450375,0.07295000000000001,-0.501525,0.180275,-0.21050000000000005,1.4295,-1.4359,0.7280105
-0.5182,-0.9341,-0.8007500000000001,0.5687333333333333,-0.9963,-0.10793333333333333,-0.8098,0.4952,0.93166226
1.5263,0.7992,-0.1603,0.8608,-1.3218,-0.7385,-0.2466,-1.5553,0.50953203
0.9997,0.041399939266738704,-0.9485,-0.20389887580264393,0.7633,0.2745,-1.4866,1.2926,0.7189149
0.21,0.4708,-1.499,-1.0656,0.4367,1.1937,-0.5885978977245583,0.7577,0.93934476
0.9432,-0.8481046918840897,-0.5104192403652517,0.9867,-0.5497,-1.1948,-1.4886,-0.9813,0.8193353
-0.42315,0.3494,1.4615,-0.41990000000000005,0.5434,1.4496,-1.4219,1.1652,0.71497184
0.1302,-0.8747,0.16774384037708662,0.43519193275697554,0.4211,0.7914,1.0225,0.9944,0.54044217
0.5203,0.6143,1.1317688553256164,0.9473,-1.3641,0.0913,0.1033,-0.35205000000000003,0.38619345
-0.0399,0.011860582122605587,0.8818,1.0093,-0.06274293063551446,-0.2026,-0.507,-0.2358,0.59206074
-0.0329,0.29839912803741625,-0.0987,1.2629,-0.38834498032207554,-1.1987,1.5555,1.4619,0.8116793
0.0019500000000000073,0.47,-0.347,0.5118,-1.5454,-0.8794,1.4927,0.049500000000000016,0.67179734
-0.3152001375313722,-0.2153910170483119,-0.8688,-0.9666,0.9305992090220327,0.1363,0.6436,0.7042,1.177224
0.7963,-0.20940000000000003,0.22144999999999992,0.202725,-0.9511,0.3368,1.1352,0.774275,0.5386833
-1.5565,1.5362,-0.9916,0.462,-1.5242,0.24869201663255128,-1.0452650838519126,1.5441,0.8532018
0.023,-0.5510056778447106,-0.8803,1.1533,0.30347511279468264,-1.0749,0.8529,-0.8261,1.008944
-0.6241,0.3176,-0.6277,-1.1475,0.23,-0.186804366015254,0.8684,0.0245,0.95749646
-0.5703,-0.6502906582730112,-0.9326049893150886,0.95,0.9519,-0.4753,-0.3732,0.8709,1.2330779
0.7799,1.4535,-1.2366,-1.5299,-0.1246,-0.237,1.0381,-0.8412,0.9060497
0.4425,1.3672,-1.2799,-0.7615,0.9907,1.3254,-0.7508,-1.3725,0.75642514
-0.36960000000000004,0.15390000000000004,-0.027474999999999992,0.5334,1.1099,0.2042,-1.1504,-0.8469,0.84310097
-1.1863,-1.45,-1.0159,-1.2458,-1.0233,0.952,-1.065025,0.062,0.8477864
-0.1021,1.3216,-0.6955,0.8785,-1.3641,-1.2636,0.6002,0.5413,0.8355169
-1.2987,1.3682,0.7041677280117897,0.6091526286884715,1.4837,-0.5632,0.611,-1.3144,0.42937866
-1.0414,0.3229,-0.1312063578616765,-0.536,-1.3641,-0.0709,0.9047,0.5413,0.6119897
-0.5902,-1.0465749999999998,0.144125,-0.4989,0.2831,-0.5915,-0.47335,-0.9086500000000001,0.83045894
0.6841577950625604,0.8177,-0.581,0.1147,0.0735,1.5522,0.7882623605004754,1.0527,0.87090933
0.4555,-1.3006,-0.4411,-1.2815,-0.062350000000000017,0.28773333333333334,0.0615,-1.3869,0.90759057
-0.271,0.5734,-1.154,1.174,-0.2461,1.1916,-1.3586356831883815,1.4925,0.9867266
0.6314,-0.56145,-0.908,0.4221,1.373,-0.36529999999999996,0.28362500000000007,-0.1932,1.0247874
0.432,0.664825,-0.40325,0.29805,-0.40145,-1.3897,-0.35190000000000005,-0.6165750000000001,0.7693166
1.2541,0.3479,-1.355,-1.2458,0.9647,0.6028,-1.0963333333333332,-1.2343,0.79750884
0.6276,0.895,0.9918,-0.4941,-1.1947,-0.40886807876393766,-0.1757,0.3867,0.52912396
-0.8774,-1.0932,-1.3549,0.1695,-0.8071,-0.5019,-0.5372,0.9112,0.99137634
-0.3214,-1.45,-0.9352,1.529,1.0162,0.4977,-0.9711,-0.7291,1.3046072
-1.3816,0.5321,0.7707,-1.3142,0.33598192199983234,0.4681,0.4569,-0.1615,0.77119714
-0.6107,-0.8859,-0.0617,-0.4529,0.13760000000000003,0.4429,-1.4898,-0.057,0.84967536
0.1024,0.0413952491828987,-0.0525,-0.20390277920234431,-1.518,-0.508,0.7714,1.4374,0.6538954
0.3581,0.9952,1.3489,-0.742725,0.9966,0.2677,-0.7620750000000001,0.18377500000000002,0.60990167
-1.4927,1.1209,-0.1539,0.2164061773726172,0.6806,0.0588,-0.6972,0.8473,0.94334316
0.4879,-1.4711,0.13245161387529686,0.103,0.6544,1.0623,-0.0687,-0.0208,0.8382586
-0.1092,-1.3886,0.5029,-0.3403,-1.0175,0.6405,-0.9118,-1.2054,0.624827
-0.7306,-1.0873,-0.4061,0.99,1.0915,-1.3514,-1.0232,-0.6039,1.118665
0.6224,0.01155000000000006,0.6879,-1.2017,1.1246,1.0347,0.10435,1.101,0.66308254
0.20879999999999999,-0.24180000000000001,-0.8088,-0.3726,-0.3104,0.304075,0.5408,-0.14877500000000005,0.8312916
0.7435,1.5588,-0.7792,-0.6113,0.5704236986213226,0.5247,0.6938,-0.9415,0.79866177
-0.4428,-0.034,1.114925,0.526675,-0.4653,-0.444,-0.1177,0.08270000000000002,0.604281
0.4443,-0.9826256194310808,-0.5708,-0.4664,-0.08200245328212136,-1.5182,-0.7570981516910218,0.2545,0.88921314
-0.7362,1.5315,0.3944332663938343,0.9239,-0.1987,0.7378,-0.0566,1.4761,0.53147316
-0.20924256783313838,-0.1809,-1.3315,-0.7128,-1.4754,-0.3733,-0.8086,0.8266,0.8917874
1.2541,0.3479,-1.355,-1.2458,0.9647,0.6028,-1.0963333333333332,-1.2343,0.79750884
-1.1154,0.21019840331485212,-0.9244,-0.1957,-0.26823379633118033,0.3952,1.22,1.1719,0.8698533
-0.7306,-1.2857,0.366,0.7629,0.8869499999999999,0.68255,-0.3000666666666667,-1.1444,0.61144847
-1.2778,-0.4753,1.0954,0.5475,-0.062350000000000017,0.28773333333333334,0.0615,-0.5354,0.5201468
-0.703,1.4424,1.1374,0.1434,0.6861,0.2487,-1.0453,-0.3272,0.6900772
-0.251125,0.9956,-1.0918,0.082325,-0.9488,-0.795925,0.2098,-0.7696,0.8130528
0.8109,0.0437,-0.0814,-0.059,0.842,-1.075,-0.6685,-1.1301,0.8294206
0.3368,-0.1631,-1.138,1.3471,-0.5409,-1.0533,1.3027,-1.2454,0.64224356
-0.4009750000000001,-0.5297,1.1033,-0.2556750000000001,-0.5938,-0.20090000000000002,-0.798925,-0.5765,0.6028634
0.432,-1.1374,1.1575,1.3652,1.2815,-0.8794,-1.2735,-0.8224,0.5785308
